sample	HapCUT2-time	HapCUT2-mem	ShapeIT-time	ShapeIT-mem	TinkerHap+SI-time	TinkerHap+SI-mem	TinkerHap-time	TinkerHap-mem	WhatsHap-time	WhatsHap-mem
1000239	8.29	608284	12.54	24820	5.8	117900	5.67	114244	21.95	407848
1000569	13.54	609008	15	28656	8.84	142392	8.73	137472	36.6	409640
1000151	8.74	608572	12.72	24784	5.59	111180	6.08	107956	22.26	408756
1000513	9.45	608116	12.71	27732	6.15	117960	6.08	114252	25.46	406224
1000068	9.71	607024	12.08	24648	5.94	105484	5.74	102268	23.3	403288
1000804	11.56	608548	12.64	27352	8.22	132648	9.99	128480	33.66	408556
1000376	9.09	608884	14.8	28940	5.43	117564	5.29	114100	21.5	408648
1000624	9.44	609216	12.99	30640	5.96	122384	5.82	118600	26.97	409304
1000352	12.05	605936	11.43	21208	8.12	111044	10.41	107416	24.62	400464
1000702	8.77	608756	12.64	26952	4.17	95512	3.98	93392	15.88	408504
1000575	9.21	607500	14.29	24100	5.12	99264	4.94	97180	21.45	404984
1000440	10.77	606664	11.42	20128	7.51	99308	6.74	97528	24.23	402856
1000499	11.8	608608	12.43	25880	7.75	124888	7.63	120796	31.11	407704
1000161	11.94	607656	12.02	23320	8.32	129900	8.19	125764	32.83	405472
1001018	8.95	608500	12.5	25548	5.62	113296	5.57	109708	22.95	408532
1000870	10.03	607856	13.94	22244	5.41	104084	5.31	101536	20.56	406064
1000016	7	607644	12.51	24436	3.68	89504	3.59	87076	15.69	405308
1000691	10.5	606844	11.68	22776	6.09	104508	8.04	101184	25.52	401864
1000760	6.04	604812	10.71	15168	5.27	81924	5.14	79752	13.01	395104
1000802	10	608120	12.16	24016	4.85	104816	4.76	101912	20.67	407168
1000669	8.39	608844	14.58	27788	8.24	118396	5.77	114604	22.25	408760
1000910	9.71	606872	12.07	23560	5.38	99236	5.21	96924	22.44	402920
1000599	9	608668	12.63	27096	7.21	126856	7	122780	25.1	409376
1000564	9.24	608728	12.87	27304	7.93	123052	5.69	119324	23.98	410000
1000985	8.14	608036	14.39	25740	4.93	103164	4.78	100480	18.3	407196
1000092	10.92	607584	12.52	26204	8.55	127748	8.3	122884	30.59	405128
1000605	9.03	608580	12.54	26500	6.96	109160	4.76	106112	21.44	408296
1000388	7.65	606052	11.26	19440	4.46	88448	4.2	86372	16.38	399792
1000323	8.17	608476	12.64	27116	4.48	105084	4.34	103064	19.58	408572
1000100	5.45	608108	13.25	24488	2.46	71500	2.41	70200	7.82	403484
1000560	11.28	608000	12.6	27216	9.33	115504	7.17	111768	24.81	405632
1000714	4.88	606720	11.81	22628	1.29	42892	1.26	42536	2.96	401624
1000512	9.28	608700	12.7	27644	9.42	132168	9.32	127180	29.15	408896
1000851	8.97	607284	14.63	25916	5.83	103668	5.51	101040	19.43	404660
1000226	11.17	608844	13.96	27436	6.78	119584	6.57	116056	25.84	409176
1000591	8.21	608200	13.86	26360	6.42	110584	6.33	107436	22.05	407924
1000834	8.11	606428	12.7	22188	5.62	94896	5.35	92708	22.09	401140
1000176	8.9	606964	15.11	21660	6.02	94540	5.85	92996	22.14	402784
1000091	10.9	606732	13.06	25932	7.77	118336	7.62	114484	30.2	402156
1000475	9.87	606112	12.52	20420	6.7	89856	6.46	87304	23.32	400640
1000899	6.81	607812	13.9	26636	5.09	106228	4.96	102696	16.59	406340
1000544	9.24	609212	14.68	28516	7.71	129728	7.52	125696	28.89	410188
1000686	6.76	607512	13.88	24796	4.52	94000	4.42	92116	14.79	405000
1000911	9.21	608516	13.97	27076	6.7	115660	8.52	111928	25.25	408524
1000731	5.65	607180	13.34	24344	3.27	79056	3.25	77176	9.86	401596
1000848	10.23	607352	13.47	25632	8.02	111164	7.8	107404	27.51	404244
1000235	10.44	607584	15.63	26952	6.76	110048	8.96	106976	27.45	404508
1000333	7.51	607412	13.58	23508	5.38	100748	5.13	97496	17.56	404772
1000807	7.28	607676	13.41	24180	6.12	115208	5.97	111580	21.73	406544
1000762	10.24	606768	13.09	24260	9.69	110936	7.2	107508	25.11	402708
1000538	10.17	607968	15.88	25020	6.93	113324	6.77	110136	27.64	406352
1000386	11.86	608104	13.58	26648	7.5	119360	7.32	115904	31.8	405876
1000999	7.77	609004	14.05	27580	5.44	107844	7.26	104892	21.16	409096
1000015	9.75	607756	13.02	22688	5.45	98832	5.34	96656	19.16	406300
1000398	5	606452	14.56	20744	2.13	55388	2.11	54544	5.17	399648
1000437	7.38	608344	13.69	25824	3.91	88680	3.79	86548	13.89	407356
1001023	9.63	606748	13	23432	6.65	103604	6.4	100288	26.01	402060
1000559	10.51	607536	12.76	24100	6.12	105952	5.94	102904	22.96	404764
1000690	8.43	608912	14.46	27848	5.29	112628	5.16	109848	22.82	409708
1000545	7.19	607492	12.42	24892	4.57	97988	6.91	95504	16.97	404396
1000387	7.64	608500	12.95	26468	6.94	123976	6.72	119824	24.74	408864
1000554	12.1	607124	12.03	24392	7.29	111884	7.17	108492	28.56	402988
1000236	6.24	604836	10.9	17484	6.17	73696	3.79	71856	11.92	395432
1000013	10.34	607844	14.42	26316	8.09	121376	8.08	117520	27.26	405776
1000005	8.13	607976	12.22	24704	5.99	112164	5.85	108936	20.31	407628
1000427	8.64	607888	12.39	23800	7.69	105704	5.2	102540	20.68	405820
1001027	10.02	608028	12.46	25944	8.32	135260	8.21	130284	28.58	407008
1000123	4.86	606120	11.46	20760	1.27	40600	1.23	40120	3.5	400088
1000596	9.13	608000	14.2	22944	6.21	108452	6.18	105532	23.03	406572
1000483	9.69	608700	15.6	28744	6.63	119676	6.43	116308	24.3	409340
1000814	8.88	606780	12.05	22212	6.16	96660	6.01	94856	24.82	402816
1000169	9.85	608144	12.82	28068	8.18	120884	7.23	117148	25	406624
1000231	8.89	608664	14.63	27792	5.32	110524	5.14	107772	22.75	409596
1000957	11.02	608092	12.77	28884	7.85	117932	7.81	114412	28.34	406876
1000306	8.15	608688	12.8	25904	10.26	126900	7.86	122456	26.54	409192
1000581	6.59	607332	12.06	22240	4.13	86492	4.09	83824	13.4	403492
1000765	15.13	607236	13.62	22800	8.66	120192	8.37	116400	33.88	404464
1000557	10.04	608264	12.31	23532	8.87	107088	6.23	104228	24.09	406900
1000036	10.3	606980	11.99	22984	9.2	118968	8.8	114896	32.8	402780
1000980	7.25	608236	12.7	25596	4.4	97796	4.27	96588	16.14	407592
1000358	10.11	608772	12.85	28060	8.7	115148	6.14	112128	26.96	409056
1000315	6.74	607752	14.49	24732	4.49	90052	4.32	87740	14.62	405192
1000490	6.87	607476	12.27	24592	5.16	97724	5	95204	16.45	404924
1000546	10.07	606580	11.92	22960	6.87	107700	6.55	104528	27.61	402344
1000905	10.86	608832	12.8	25704	7.77	128016	7.55	124060	28.83	409516
1000797	8.24	606260	13.42	21076	7.81	117400	7.39	112396	27.9	400912
1000170	10.68	609048	12.9	27304	9.41	135764	9.33	131280	23.71	409536
1000776	10.5	608728	12.68	26868	5.58	106484	5.32	104036	23.05	407688
1000029	6.8	606132	11.58	21064	4.94	99492	4.78	96336	16.61	400000
1000981	9.98	607560	12.36	24316	9.67	115284	7.11	111544	25.44	405200
1000378	10.37	608324	14.4	24772	6.47	110148	6.12	108020	22.29	407944
1000485	9.7	608956	12.95	28776	5.91	118100	5.65	114448	20.34	410884
1000389	9.09	608932	12.87	27468	9.94	120736	7.38	117000	27.66	410304
1000098	9.58	607988	12.8	26516	6.6	112792	6.51	109056	25.47	406648
1000203	9.07	608592	14.66	26988	7.92	122124	7.63	117956	28.49	409408
1000070	8.18	608180	12.27	24496	6.83	116644	8.5	113004	20.97	408280
1000715	10.15	607204	11.89	23676	7.1	115100	6.97	111640	30.27	404836
1000287	8.43	609096	13.03	27984	7.2	121540	7.09	117720	23.37	410352
1000452	5.52	606824	11.99	23300	4.63	71408	3.12	69968	8.62	401676
1000268	7.54	608080	14.27	21252	4.6	99584	4.44	97696	18.02	407900
1000213	11.63	609036	12.88	25868	8.83	130132	8.67	126396	31.3	409340
1000446	8.02	606796	12.14	22856	7.77	97536	5.23	95420	21.31	402552
1000988	7.24	607616	12.51	26228	5.95	110240	5.71	106572	19.95	405084
1000790	7.13	608500	14.61	25560	5.67	113208	5.64	109660	22.29	408692
1000983	9.22	608460	12.59	26808	8.53	122192	7.4	118348	28.09	407244
1000121	7.9	606356	11.64	22172	5.02	97800	4.88	94508	18.72	401180
1000041	7.03	608188	12.24	24184	5.44	103596	5.33	100760	17.49	406936
1000338	4.98	606648	12.02	23260	2.43	64572	2.38	63480	6.31	401024
1000608	11.47	608336	14.36	26460	10.89	142632	13.02	137492	36.39	407544
1001025	9.28	609068	12.96	28788	8.63	139492	8.47	134176	29.24	410340
1000255	11.44	606816	11.94	23844	10.88	122240	9.69	117632	35.39	402332
1000786	7.46	608692	12.71	26488	6	112584	5.84	109012	20.66	408616
1000444	9.96	608136	14.15	23540	7.37	117860	7.27	114312	29	407068
1000595	7.62	607984	12.47	25960	5.8	106172	6.38	102980	18	405572
1000700	11.53	606996	12.25	25280	6.76	108988	6.51	105268	28.85	403276
1001000	7.75	608636	12.89	28056	5.27	108992	5.06	106076	21.45	409408
1000493	6.56	607548	12.42	25468	4.52	95420	4.33	93360	14.68	405280
1000570	12.69	609000	14.61	27072	17.7	171168	19.08	164468	47.72	408576
1000180	10.87	608124	12.66	26056	9.29	114304	6.79	111252	27.82	406440
1000441	10.93	606832	11.9	23708	8.36	115552	8.23	111692	29.52	402580
1000438	7.85	608276	12.22	24256	4.73	100140	4.5	97904	20.03	407416
1000600	7.61	608612	14.61	26656	7.87	116216	6.25	112760	20.99	408936
1000525	8.3	608360	12.6	24444	5.28	104776	5.09	102088	20.1	408164
1000402	5.73	604756	10.76	16780	3.53	68872	3.43	66756	12.34	395640
1000812	9.39	606712	12.02	24348	6.65	103956	6.43	100336	24.88	401776
1000220	9.47	608428	12.65	27116	7.07	125836	9.15	121660	28.63	409216
1000705	9.79	609044	14.78	27912	8.84	139432	8.7	134392	29.57	410472
1000474	10.03	608204	12.85	26244	6.82	118828	6.55	115348	28.56	407464
1000414	8.59	606188	11.44	20964	7.43	114432	7.25	110044	27.12	400628
1000177	11.38	606624	11.99	25672	7.43	111088	7.14	107296	29.77	402192
1000902	9.37	609140	14.9	29328	9.11	120768	6.49	117372	24.93	410080
1000506	7.33	607544	12.25	23192	6.12	99124	5.96	96272	20.54	404712
1000111	10.8	607724	12.57	27036	8.36	122252	7.93	118536	28.32	405840
1000421	12.68	608124	12.74	28196	11.67	142852	13.83	137748	39.73	406744
1001008	12.94	608132	12.5	25672	10.3	135612	10.14	130960	39.84	406460
1000272	7.75	607156	14.14	23224	4.9	86304	4.77	83808	16.23	404476
1000928	10.84	606244	11.28	19148	8.9	111060	8.64	107268	29.47	401512
1000996	6.68	607136	12.3	25092	4.65	84580	4.46	82540	14.46	404756
1000615	7.77	606460	11.59	21400	5.93	102544	5.83	99132	21.36	401180
1000261	9.08	608748	14.73	28768	5.42	113260	5.25	110348	22.13	409844
1000750	11.67	607236	11.86	23148	8.89	124236	8.7	120328	31.05	404824
1000992	8.91	608112	12.95	28732	6.26	111084	5.99	107764	26.13	406764
1000507	13.27	608744	12.68	25144	8.87	134828	8.79	129972	33.04	408816
1000729	10.16	608988	14.13	28248	7.09	127724	6.82	123836	26.62	410256
1000002	7.32	608360	15.75	24156	6.92	100708	4.98	98664	16.99	406948
1001030	7.6	608352	13.63	25696	5.84	108532	5.64	105820	21.61	408392
1000259	10.52	606828	12.99	23416	8.39	123680	8.1	118740	32.16	402788
1000816	4.76	603988	10.87	12512	1.31	28724	1.3	28856	2.77	392720
1000096	8.39	606348	14.67	21060	7.07	113372	6.86	108912	27.28	401008
1000838	9.73	608876	14.11	28380	6.84	117936	6.63	114292	25.12	409664
1000473	5.85	604964	11.9	16056	4.06	75660	3.97	73128	13.09	395812
1000496	10.97	608956	14.12	29804	8.63	133576	10.88	129440	33.66	409788
1000672	11.07	605748	13.64	17472	7.46	93292	7.33	90704	26.29	399848
1000727	7.3	608812	14.04	27288	6.27	123184	6.21	118968	21.8	409412
1000368	8.9	608760	13.94	27432	6.12	113468	5.95	110192	23.97	409476
1000497	10.1	607336	13.23	26208	7.69	114272	7.49	110572	29.74	403228
1000126	11.6	608804	13.81	26880	11.79	132364	9.22	128172	33.44	408152
1000488	10.4	607740	14.74	25684	7.81	120420	7.56	116824	28.24	405604
1000993	8.73	608788	13.92	27428	5.49	107148	5.25	105008	23.01	408440
1000926	10.77	608576	13.87	26064	9.79	130672	9.09	126328	29.91	407336
1000025	13.43	607708	13.32	24020	9.83	137036	9.58	131920	39.01	406028
1000256	8.59	608956	15.95	26156	6.77	119664	6.61	115936	26.21	408772
1000034	7.43	608520	13.75	25744	5.91	113756	5.85	110256	19.91	408664
1000919	7.02	607292	13.43	24796	4.69	92304	4.52	90620	16.11	404184
1000551	8.71	607400	13.56	26168	5.86	99656	5.8	97668	24.59	404516
1000531	7.2	607592	15.61	24100	5.65	100824	6.32	97648	17.14	404528
1000035	11.16	606156	12.45	20572	8.53	104540	8.48	100904	28.1	400228
1000390	8.07	608772	13.85	25208	12.11	138500	9.37	133440	25.59	408444
1000511	10.14	608412	13.92	25640	7.8	121496	7.61	117816	30.73	407408
1000271	7.21	607776	15.8	24860	5.35	101800	5.25	99008	18.37	406136
1000044	9.88	608508	14.13	25504	11.61	130612	9.05	126128	28.56	407524
1000774	8.39	607876	13.63	25720	6.81	109044	6.68	105788	22.47	405640
1000101	8.7	608128	13.48	23272	6.51	110612	6.3	107408	23.68	406828
1000862	14.45	607344	15.14	20980	11.27	136492	13.56	131460	37.52	404672
1000423	10.12	608852	14.17	28672	9.09	135336	8.86	130272	32.33	409756
1000141	11.72	607796	13.44	25804	12.76	138500	10.2	133704	39.58	405928
1000031	8.96	608024	14.13	28928	6.56	116160	6.4	112500	27.88	406804
1000622	6.73	608292	15.7	25532	4.83	97792	4.53	95912	15.9	408228
1000001	9.38	608644	13.68	25960	8.59	110508	5.99	107468	23.92	407876
1000628	8.7	606500	13.15	24336	5.95	99248	5.82	96316	21.52	402420
1000835	10.54	606852	13.2	23560	9.24	124424	9.06	119896	34.88	403040
1000453	9.53	608936	15.91	27380	8.4	129820	10.73	125328	28.34	409336
1000249	9.86	606496	13.04	23988	7.32	112812	7.09	109108	28.62	402140
1000021	9.07	606292	12.83	22808	6.14	99652	6.05	96856	22.02	401332
1000122	11.69	608388	13.58	23576	6.93	116252	9	112620	28.82	406696
1000594	10.22	607932	13.81	27772	6.88	110572	6.75	107148	23.52	406368
1000845	9.52	608732	15.87	26964	7.75	129016	7.54	124992	30.93	409860
1000904	11.42	608724	13.91	25684	8.45	127516	9.23	123556	31.1	408184
1000230	6.94	608640	13.95	26660	5.48	113224	5.21	109728	19.93	408500
1000749	9.22	606592	13.24	25496	7.45	115736	7.26	111744	27.97	402328
1000651	9.07	606620	15.14	24840	6.14	104208	6.07	100800	24.73	402224
1000627	9.06	607588	13.62	24204	7.62	111472	7.46	108276	21.86	405504
1000923	8.87	608228	14.01	26768	5.65	108332	5.54	105476	23.34	406740
1000156	8.46	606120	12.58	21808	5.47	92864	5.21	90728	20.39	400872
1000767	9.41	607352	15.22	24628	7.03	115892	6.84	112108	24.72	404404
1000314	8.38	608708	13.78	25728	6	111144	5.85	108140	21.49	408484
1000370	9.87	608924	14.4	28632	6.99	125296	8.25	121208	27.14	408764
1000977	7.56	607964	13.93	24516	4.98	102104	4.91	99580	18.37	407076
1000536	9.33	606816	15.88	23160	6.15	105444	5.95	102184	21.76	402784
1000027	12.64	608928	14.57	29732	9.14	138872	11.32	133840	33.98	409508
1000792	8.56	606140	12.96	20424	6.93	111172	6.74	106944	24.91	400584
1000366	8.33	608904	14.55	28120	7.52	126496	7.08	122644	27.22	409712
1000181	9.57	606628	15.49	23136	6.71	105744	6.56	102408	25.44	401492
1000014	12.12	608484	14.63	29228	13.67	156284	13.25	151684	39.91	407760
1000039	10.06	606672	13.48	23792	8.16	113192	9.35	109484	29.65	402668
1000987	6.92	607528	13.8	22888	5.71	100180	5.6	97164	18.56	405080
1000860	9.36	606892	15.94	25276	9.43	116920	6.87	112960	24.66	403432
1000278	10.89	608760	14.48	27984	7.87	127144	7.58	123464	30.29	409496
1000210	9.17	606640	13.54	23780	7.05	107452	6.96	103836	27.27	402088
1000956	9.34	608924	14.82	29612	7.85	130852	9.88	126624	29.65	409916
1000888	8.38	607996	16.3	26804	4.92	103664	4.72	101068	18.58	406376
1000711	5.14	606280	12.96	19440	1.98	51352	1.93	50680	6.01	400200
1000328	9.89	608868	14.57	28640	9.61	130412	8.18	126312	30.29	408984
1000548	9.56	606616	12.78	19484	7.07	102244	7.08	99200	26.74	401800
1000183	9.86	607880	16.34	26320	6.97	109304	6.79	105852	25.57	406396
1000263	11.27	608728	14.28	26472	12.41	150592	14.55	146972	35.55	408536
1000572	5.05	606324	13.04	21080	2.47	60988	2.44	59780	6.49	400560
1001007	10.62	607392	13.46	21060	7.2	108584	7.04	105260	28.99	404004
1000587	11.82	608844	16.44	30276	8.84	133888	10.29	129252	33.23	409180
1000709	11.08	606928	12.64	21252	10.36	127356	10.12	122316	34.99	402280
1000725	8.44	608252	13.51	24884	8.33	124136	10.8	119872	24.74	407584
1000803	9	605680	12.3	19424	6.39	103532	6.3	99872	22.81	397800
1000694	6.18	608212	13.54	24824	4.27	93996	4.17	91300	11.98	406476
1000940	8.27	608348	15.67	25404	6.75	112112	7.62	108728	23.89	408656
1000781	8.77	608660	14.17	27984	6.92	122020	6.88	118108	24.52	410020
1000062	10.62	608160	13.49	24808	8.36	109156	8.03	106024	21.8	407296
1000251	5.12	606988	13.27	24160	2.53	66784	4.63	65248	6.27	402132
1000265	9.45	606664	14.96	23112	5.5	98460	5.27	96196	21.09	402376
1000982	8.82	607004	13.29	24636	5.16	102820	5	99888	16.93	403316
1000187	6.5	608108	13.36	24552	4.98	98396	4.82	95688	13.17	404940
1000944	9.45	607952	13.46	25308	6.27	117128	5.98	113648	20.41	406460
1000443	10.35	608960	15.98	28264	8.69	132284	8.55	128036	32.89	409352
1000063	12.37	607300	12.88	22004	11.18	121304	8.55	117528	33.23	404556
1000286	6.52	607924	13.28	23884	2.89	79336	2.81	77736	8.5	403844
1000093	9.31	608716	14.02	29124	8.1	130824	7.89	126260	28.92	408844
1000103	9.75	608776	15.99	26536	11.97	128096	9.32	123836	30.01	408980
1000266	6.97	607384	13.43	23492	4.74	97136	4.67	94428	16.17	404300
1000529	7.91	607492	13.47	23496	4.96	97568	4.85	95128	16.83	405188
1000637	5.99	607000	13.32	22580	3.63	83416	3.52	81288	12.12	402656
1000962	9.9	608672	15.96	28000	7.14	120592	7.02	116800	24.9	409268
1000535	11.98	607344	12.92	21240	8.25	119264	7.96	115460	30.41	404352
1000708	12.3	609028	14.13	28400	11.49	139596	8.67	134416	33.69	409968
1000724	7.58	607352	13.43	24784	7.29	112692	7.03	108636	19.67	405108
1001033	10.05	606164	12.73	21732	7.33	103876	7.12	99856	23.83	400988
1000644	9.74	608264	14.41	26076	8.4	127148	10.63	123056	29.76	408348
1000419	9.35	607764	13.62	24380	6.19	106076	5.93	103320	22.66	405716
1001028	9.37	608360	13.63	25396	5.84	108940	5.77	106040	24.71	407388
1001014	8.93	606924	13.4	24788	7.12	112236	9.42	108504	23.88	403524
1000660	6.97	607824	15.34	23948	4.73	98532	4.61	95912	15.91	405468
1000756	7.37	607564	13.69	24700	5.59	106512	5.4	103024	18.84	406044
1000533	11.78	608684	14.11	27548	9.02	133724	11.24	129460	33.18	409680
1000733	8.51	608488	13.82	26936	6.54	116072	6.51	112792	23.7	408584
1000345	5.58	607520	15.09	22964	2.17	59516	2.14	58656	6.26	402248
1000916	8.54	608296	13.51	24872	9.73	121352	7.23	117492	22	408616
1000779	5.12	607536	13.16	23276	1.96	60384	1.93	59484	5.62	403436
1000668	7.78	608256	13.62	24092	6.79	120788	6.6	117036	21.62	408808
1000833	9.48	608500	15.74	24136	5.02	96544	4.87	94380	18.19	408964
1000984	9.06	607820	13.3	22300	7.76	113976	7.77	109976	23.36	405752
1000882	8.59	608656	13.75	24480	5.44	94992	5.27	92820	19.98	408164
1000112	6.57	607212	13.38	23216	4.38	88044	4.25	85572	14.1	404780
1000508	9.04	609004	16.25	26312	4.6	104272	6.37	102364	16.26	409840
1000751	5.35	606580	12.99	22668	2.9	72176	2.8	70816	9.98	402012
1000072	5.09	606620	12.7	21376	2.01	57400	1.99	56480	5.98	401192
1000224	9.8	608172	14.02	29932	7.73	123620	7.54	119596	27.27	407744
1000872	10.26	608860	16.04	28188	5.43	109384	5.45	106676	20.36	409064
1000941	5.36	607044	13.11	21688	2.7	64820	2.65	63464	7.43	400968
1000858	10.33	608760	13.88	26352	17.38	159488	14.68	153996	30.7	408796
1000343	12.74	607532	13.19	24576	10.49	137016	10.3	132012	37.96	405424
1000409	8.36	607280	13.93	24168	5.35	94188	5.23	92040	19.47	403232
1000260	9.29	606468	12.85	19668	6.25	96480	8.56	93880	22.23	400664
1000329	7.68	606436	12.68	21364	5.58	102472	5.46	98900	18.25	401356
1000456	10.34	608024	13.86	25048	7.24	111756	6.97	108768	27.97	406848
1000611	13.23	606928	12.84	21072	7.73	114980	9.94	111060	29.43	403444
1000997	11.21	609072	16.23	28784	11.7	152152	11.64	148456	30.5	410552
1000086	7	607832	13.74	24832	5.2	104600	5.06	101212	17.86	406188
1000755	11.46	608904	14.22	28876	9.78	140708	9.48	135560	33.9	409628
1000462	8.42	608340	13.7	25716	6.15	105480	5.98	103220	22.58	408692
1000346	9.72	607944	16	27748	9.38	114332	6.78	110632	25.65	405584
1000233	6.35	606996	12.95	22644	4.12	85480	3.99	82884	11.99	402732
1000135	9.72	608988	14.1	27656	6.24	121184	6.14	117736	25.17	410644
1000796	6.45	607588	13.53	25448	3.11	80472	3.06	78636	11.11	405104
1000947	9.86	608020	15.76	26780	10.27	138448	10.18	133480	31.5	406492
1000327	11.19	607448	12.89	22792	7.48	114456	7.3	111120	27.32	404492
1000320	10.16	608848	13.78	26312	9.62	121144	6.9	117352	24.07	408808
1000426	7.33	607788	13.36	22856	5.46	104756	5.49	101736	17.94	406852
1000171	9.84	606628	15.17	22360	7.34	104476	7.14	101052	26.28	402224
1000665	5.16	607752	13.13	23280	2.07	62412	2.03	61520	7.77	402852
1000107	12.37	608388	14.05	28380	7.41	122000	7.86	118108	28.2	407436
1000282	9.39	608540	13.95	28816	7.64	128144	7.56	123920	31.08	408908
1000360	11.96	607180	15.05	23420	13.1	136156	10.5	131008	33.15	403820
1000153	10.13	608816	13.97	26984	7.32	125384	7.25	121604	30.36	408744
1000325	10.77	608224	13.71	26520	10.63	130440	10.53	126084	29.8	406304
1000449	9.17	608536	13.83	26300	5.76	104084	5.55	102160	20.76	407976
1000589	5.53	606428	14.8	21700	5.62	91640	5.57	88472	10.81	401364
1000579	12.4	607536	13.19	22256	7.71	113816	7.46	110228	29.02	405456
1001003	10.14	608408	13.91	27248	7.63	118032	7.34	114584	28.76	407308
1000968	10.19	608192	13.99	28564	7.2	120460	6.99	116516	30.91	407096
1000246	11.77	607024	14.85	21432	12.79	128652	9.97	123536	34.67	403400
1000960	7.52	607608	13.49	23504	4.81	98904	4.65	96224	17.75	405408
1000057	8.42	608888	13.96	25652	5.5	105820	5.39	103636	22.12	409680
1000718	5.96	608012	13.59	25116	4.1	89988	3.99	87544	14.43	406740
1000847	6.39	608404	14.23	25244	3.87	82452	3.77	80376	12.29	407812
1000010	10	607732	13.93	24728	5.78	103252	5.67	100936	20.4	405812
1000829	10.54	607988	13.79	25016	7.27	117580	7.09	113856	28.65	406348
1000051	8.05	606288	12.86	21728	6.33	110276	8.47	106348	21.39	401660
1000867	5.55	607840	13.12	22636	4.38	73384	4.4	71816	9.23	402684
1000157	9	608020	15.59	25116	6.28	116804	6.15	113200	21.41	407204
1000646	8.09	608268	13.46	24508	7.64	102696	5.25	99972	18.7	407460
1000743	12.87	607812	13.56	27652	10.41	139184	10.14	134136	41.33	405960
1000274	10.23	608996	13.98	28036	7.34	124864	7.24	121000	32.03	409056
1000173	10.03	606812	15.15	23248	7.59	111200	8.7	107796	28.16	402792
1000517	8.96	608972	14.06	26084	5.77	113516	5.71	110284	23.22	408596
1000505	8.9	606120	12.42	19780	6.04	94164	5.94	91988	20.98	400136
1000198	7.35	607336	13.31	24156	4.73	94200	6.46	92144	15.65	403196
1000552	13.35	607560	15.19	24056	14.15	154292	13.85	150548	44.78	405204
1000281	9.46	606608	12.82	22800	8.72	101732	6.13	99020	26.72	402108
1001009	12.71	607776	13.39	24180	10.32	131596	10.28	127320	35.52	406184
1000375	10.44	607728	13.68	25244	6.98	106760	6.72	104104	27.98	404980
1000720	9.39	608448	15.67	26328	5.78	111524	7.34	108392	20.57	408424
1000038	9.57	608916	14.13	28416	7.3	125500	7.29	121648	28.2	409668
1000695	4.82	606732	13.12	21936	1.24	47488	1.22	47204	3.28	401964
1000324	7.79	606744	12.82	22040	8.82	107436	6.26	103864	22.26	401956
1000645	6.04	604708	11.68	15060	5.69	81204	5.55	79004	14.32	395124
1000297	8.68	609204	15.65	29644	6.47	124468	6.32	120636	22.95	410892
1000403	6.59	608428	14.02	27012	8.63	115372	6	111748	18.76	408332
1000205	12.21	607428	13.15	24052	8.28	120308	8.08	116672	29.33	405480
1000573	9.08	608416	13.68	26492	5.65	110576	5.48	107892	22.29	408260
1000629	8.43	608120	15.44	24264	7.96	99288	5.39	97464	19.99	407220
1000521	6.66	608216	13.73	25440	4.77	106104	4.61	102848	16.32	408428
1000801	7.06	607264	13.53	25392	4.85	99172	4.64	96392	20.78	404532
1000716	12.93	607856	13.49	27788	13.06	138308	10.39	133256	39.13	406148
1000472	9.58	607976	15.75	25020	6.87	106008	6.72	103588	27.58	406256
1000757	5.83	607640	12	23020	3.57	82016	3.49	80260	11.1	403412
1000917	5.2	607420	11.66	21688	2.83	64968	2.8	63296	6.98	403496
1000178	6.89	608268	12.42	23516	3.59	76776	5.23	75904	15	406388
1000004	9.32	606880	13.66	23400	6.08	105376	5.94	102356	24.33	402952
1000936	10.43	608236	12.49	26312	6.64	114196	6.5	111036	27.89	407468
1000921	7.48	607628	12.11	23872	7.82	105636	5.35	102876	18.84	406808
1000267	10.16	606944	12.15	24672	7.89	121448	7.8	117168	32.69	403260
1000457	8.99	608812	12.79	27840	6.62	115024	6.49	111628	23.71	408888
1000961	10.24	606252	13.36	21512	7.44	104632	9.67	101120	25.64	400244
1000318	8.47	607920	12.7	27628	5.59	106664	5.47	103856	21.21	405936
1000524	9.97	608224	12.65	27404	8.11	114968	7.95	111312	26.62	406448
1000527	9.89	607572	12.54	26112	7.66	114036	9.63	110480	26.27	405644
1000069	11	607860	14.56	26608	6.02	104444	5.91	101864	23.41	405840
1000671	9.02	606388	11.54	20796	6	100584	5.91	97484	22.51	400904
1000606	11.06	607964	12.7	28632	9.81	131396	11.67	126564	31.18	406068
1000739	10.71	608516	12.65	26848	6.6	114024	6.46	110836	23.67	407900
1000752	10.08	608848	12.84	28204	12.25	138032	9.57	132876	33.87	408940
1000195	9.18	609144	14.81	27844	7.46	124580	7.25	120840	27.13	409948
1000137	7.97	608464	12.57	26144	4.48	100232	4.41	98576	19.54	408056
1000542	13.2	607656	12.13	25152	11.31	128640	8.83	124632	31.84	405496
1000312	7.69	608708	12.7	25100	4.99	99100	4.89	96208	20.55	409424
1000722	5.76	604776	12.38	15252	4.38	67300	4.16	64812	10.9	395280
1000943	9.59	608248	12.74	25652	6.42	103676	6.17	101704	22.17	406992
1000229	9.03	606840	12.06	24328	6.39	104956	6.26	101304	25.72	402376
1000510	9.81	608676	12.51	25692	6.65	117540	6.45	113776	25.14	408396
1000339	9.81	608156	12.67	26632	8.82	118224	6.22	114392	27.52	407732
1000223	8.48	608528	14.54	26916	5.26	106620	5.21	104324	20.46	408204
1000914	8.89	608692	12.74	27400	6.99	118228	6.73	114732	28.19	408692
1000420	10.56	606480	11.58	22156	10.8	120464	13.05	116440	29.65	401204
1000055	5.34	607880	12.12	23864	2.54	69816	2.51	68928	8.62	403180
1000478	11.05	607960	14.6	28608	6.87	114768	6.64	110780	26.12	406432
1000856	9.6	608924	12.94	27388	7.29	125796	9.08	121580	29.65	409332
1000563	6.85	607240	12.19	24208	4.59	84592	4.5	82296	16.1	403980
1000975	10.68	608592	12.58	24396	6.25	105412	6	103744	23.28	408752
1000590	13.89	608792	12.8	27220	9.79	132700	12.03	127976	36.26	409380
1000221	9.88	608028	14.54	27244	6.34	96696	6.21	94448	21.46	407108
1000891	5.49	608004	12.42	25124	2.93	78328	2.88	76924	8.79	404660
1000017	5.03	606316	11.62	20132	2.63	66460	4.36	65072	6.53	401368
1000828	9.36	609144	12.78	25696	4.58	96592	4.47	94132	16.91	410332
1000258	9.48	608788	14.63	26548	6.89	114836	6.64	111856	25.6	409752
1000466	11.13	606832	11.39	20080	9.22	103140	7.02	101012	26.18	403260
1000194	7.14	607204	12.13	23932	5.52	99796	5.35	96848	20.58	403124
1000130	8.74	608220	12.53	25612	4.99	99988	4.79	98452	16.82	406528
1000821	13.45	607764	12.18	24948	12.49	131996	9.92	127476	40.03	405588
1000626	10.38	608008	14.44	24964	7.32	114276	7.1	110608	25.03	405936
1000831	12.64	608796	12.76	27440	8.17	122640	7.95	119420	33.56	409232
1000430	5.1	604272	10.21	14116	2.41	46244	2.52	45364	6.02	393472
1000788	11.73	609048	12.81	27028	13.93	156516	13.71	151760	35.71	408424
1000955	11.13	607564	11.87	23416	8.39	112476	6.77	109180	27.39	404820
1000094	6.36	606280	12.29	20436	2.37	62312	2.32	61568	5.93	400548
1000972	13.42	608160	12.5	26256	8.56	125096	8.53	121364	34.19	408036
1000357	10.4	608952	12.82	28156	14.36	164232	16.58	157868	36.15	408960
1000920	8.27	609096	12.89	28116	6.63	118404	6.42	115012	22.33	410288
1000929	10.34	608604	14.46	26576	10.52	125860	7.92	121744	26.24	406904
1000598	5.31	604248	10.29	12920	2.4	48388	2.34	47328	6.41	393832
1000298	5.86	607500	12.52	24392	3.75	91880	3.71	90664	11.89	405444
1000553	7.79	608148	12.8	28072	5.02	101168	4.92	99080	18.68	407856
1000630	7.87	607572	12.35	25096	7.89	105728	5.53	102332	21.18	404520
1000509	9.37	608968	14.77	28404	7.57	127884	7.37	123764	28.09	408720
1000880	9.63	606916	12.11	26196	7.83	117112	7.07	113396	24.92	403396
1000617	7	607172	12.16	24168	4.34	87420	4.09	85244	14.99	403156
1000007	8.09	606384	11.82	22868	6.38	106772	6.34	102936	25.23	402316
1000435	9.4	608184	14.17	24792	9.37	123352	10.28	119456	27.88	406516
1000400	6.54	608324	12.34	24920	4.95	97976	4.79	95788	16.98	406956
1000322	9.95	607688	12.38	25088	7.19	113632	7.11	110268	26.38	404572
1001038	7.97	609240	12.97	28000	6.02	119712	5.85	116144	20.51	410176
1000476	9.19	608220	12.56	26836	6.56	115432	6.36	111928	25.22	407716
1000784	8.45	608224	14.05	23892	5.63	99588	5.57	97352	18.31	406884
1000642	8.37	608740	12.84	26960	5.42	100332	5.32	97340	21.9	409784
1000748	11.1	608712	16.33	27536	8.82	134404	10.14	129768	30.07	409320
1000674	10.33	608560	14.12	26852	6.73	121004	6.53	117368	28.55	409056
1000321	10.32	606912	13.2	19804	6.65	104052	6.59	101376	24.66	403156
1000288	7.53	605076	12.18	16224	4.06	74756	3.87	72460	14.73	395776
1000742	8.16	608952	16.36	28768	4.89	104344	4.69	102584	18.38	409640
1000653	9.5	606576	12.61	19420	6.31	100992	6.17	97496	23.85	401492
1000886	9.86	606752	13.07	22648	7.72	98960	9.88	96760	25.46	403320
1000486	5.74	604220	11.18	13900	1.21	30896	1.22	30200	2.6	393104
1000806	12.87	607840	14.88	27120	10.68	140300	10.43	135196	42.42	405660
1000532	8.98	608508	15.29	26400	5.89	113092	7.44	109880	21.37	408196
1000211	10.02	606632	13.19	24560	8.03	117068	7.86	112540	30.15	401948
1000737	10.73	607316	13.03	22640	8.77	121444	8.43	117428	30.44	403732
1000424	7.92	608244	13.71	25168	4.87	89720	4.7	86996	17.33	407192
1000641	6.55	607308	15.51	23480	5.07	92340	4.92	90576	14.47	405284
1000948	14.81	608864	14.1	30048	11.65	144040	10.87	138640	38.24	409400
1000350	9.91	606268	12.81	22768	8.47	112160	8.35	108524	26.11	401668
1000647	5.85	607256	13.38	22964	3.83	80456	3.81	78616	13.65	405172
1000234	7.4	608836	15.89	24712	5.95	112204	5.81	108652	20.09	408424
1000182	9.24	608736	14.06	25704	5.69	104956	5.5	102736	18.85	409640
1000367	7.28	607064	13.41	24780	5.38	100756	5.31	97680	16.56	403992
1000307	9.79	608976	14.09	26380	6.82	116720	6.63	113124	24.52	410204
1000592	6.63	607104	15.49	23180	3.92	92240	4.19	90716	15.37	404068
1000356	11.09	608668	13.68	26464	8.04	120936	7.88	117272	27	407632
1000208	7.72	608632	13.67	25416	5.45	97660	5.27	95360	19.51	408336
1000081	7.44	608148	13.54	23844	5.45	106884	6.83	103972	17.79	408240
1000407	8.13	608784	15.97	25336	6.61	118340	6.51	114424	21.64	408848
1000667	8.78	606640	13.04	21332	4.58	96316	4.55	93756	18.54	402488
1000110	13.08	608068	13.89	27456	15.1	155752	17.3	150932	35.97	406700
1000954	4.95	607604	13.05	22940	1.99	63012	1.95	62304	7.25	402932
1000024	10.53	606604	12.6	21488	8.02	113548	7.79	109744	27.42	402412
1000744	9.52	609052	15.35	25960	5.37	106480	5.27	104128	18.74	409632
1000707	9.89	608868	13.89	25648	8.73	134172	8.41	129568	28.51	409332
1000769	11.58	609108	14.17	26568	9.71	126984	8.12	123132	32.98	410328
1000567	8.59	608116	13.57	25376	5.72	100504	5.56	98860	20.53	407388
1000953	11.63	607520	15	21484	9.74	126768	9.56	122352	37.02	404584
1000971	12.57	607280	12.77	21400	8.03	113888	10.18	110576	28.12	404320
1000415	14.17	608540	13.81	26552	9.77	135724	9.46	131160	36.79	408348
1000077	10.03	606580	12.94	24160	8.14	113192	7.47	109332	27.3	402392
1000032	9.12	608696	16.04	26432	5.72	115760	5.58	112008	22.77	409316
1001039	8.22	608812	13.93	25432	5.95	117908	5.8	114040	20.8	409516
1000201	12.31	608660	13.98	26932	10.81	123592	7.81	119884	29.99	409004
1000883	9.94	608572	13.83	26572	8.13	126972	7.96	122640	27.74	408232
1000301	7.05	608228	15.62	23472	4.47	97824	4.28	96136	17.27	407936
1000884	12.08	607728	13.5	26664	12.1	133472	9.43	128980	33.09	406336
1000461	11.53	607036	12.9	22468	7.09	107624	6.93	104736	29.22	403692
1000079	9.64	607508	13.46	26108	7.19	111392	7.05	108148	24.93	404356
1000108	11.83	606784	15.11	22608	9.02	122368	9.48	117972	32.47	402424
1000815	11.41	606720	12.97	22084	6.7	108084	6.43	104640	25.15	402292
1000061	6.86	607996	13.49	24592	4.85	100556	4.58	98268	17.47	407148
1000795	8.37	606576	12.76	22508	6.54	111828	6.34	108036	23.34	401444
1000619	6.61	607372	13.36	24184	4.62	91908	4.49	90304	14.1	404500
1000049	12.71	608920	15.18	26368	7.63	122620	7.53	118840	25.1	408968
1000530	7.07	608136	13.53	23472	4.97	102420	4.86	99568	15.57	407736
1000058	10.28	606624	12.93	23104	5.88	101916	5.72	99008	24.25	402408
1000043	7.82	608308	13.73	24220	4.65	92424	4.49	90196	15	407020
1000030	12.1	608320	15.73	26176	8.4	127976	10.7	123660	30.82	407372
1000022	6.91	607772	13.78	24724	4.67	97204	4.5	94952	15.5	405240
1000310	9.61	608100	13.92	27344	6.23	108760	5.99	105752	22.47	406580
1000766	12.88	607932	13.36	26084	9.47	132184	11.62	127468	37.63	405688
1000710	11.76	608868	16.15	27656	9.51	139856	9.05	134588	34.04	409664
1000099	8.98	607388	13.63	26440	10.13	116612	7.5	112784	24.89	404508
1000053	10.52	607636	12.96	22836	6.86	113104	6.77	109540	26.67	404652
1000240	11.07	608116	13.44	25316	6.22	107816	6.08	104972	22.96	405532
1000168	11.76	608660	15.86	26308	10.35	108016	7.66	106344	31.19	408364
1000930	10.48	606756	12.92	23116	7.11	109876	6.96	106148	26.53	401868
1000966	12.66	608808	13.87	28428	8.33	130172	8.2	125988	32.04	408740
1000728	4.86	607600	13.16	21652	1.32	46984	2.02	46868	3.14	402412
1000698	8.7	608220	15.79	25148	5.66	106836	5.51	104028	19.15	407492
1000623	8.32	605972	12.46	20600	6.18	102480	6	99240	23.74	400224
1000761	7.35	607028	13.22	22244	5.6	94372	5.46	91700	13.86	401984
1000154	11.86	607000	12.78	20064	9.05	119260	8.85	115308	32.7	403048
1000502	6.8	607384	13.41	24892	5.15	100252	5.02	97188	15.7	404984
1000588	8.8	608888	15.86	25692	9.43	120028	6.78	116120	22.57	409968
1000837	9.82	608164	13.86	26336	6.78	105468	6.53	103456	24.46	406516
1000934	5.8	608356	13.84	24728	4.41	92228	4.27	89300	11.53	404504
1000652	11.77	608660	13.9	26856	10.77	120192	8.16	116388	29.89	408460
1000185	5.64	607600	15.52	25084	3.45	81172	3.39	78944	9.98	403904
1000340	6.84	607588	13.87	26068	4.75	100592	4.69	97920	17.81	406176
1000657	12.43	607772	13.25	24388	9.37	131908	8.85	127428	33.5	405724
1000597	9.53	608816	13.89	25332	7.67	122672	7.55	118404	26.98	409432
1000692	9.72	607880	15.28	23852	6.15	107580	5.9	104360	20	407108
1000422	9.56	606164	12.65	21808	7.76	101020	6.54	97764	23.73	401136
1000537	7.89	606116	12.57	19400	6.89	111168	6.81	107116	22.03	400828
1000482	5.02	606820	13.08	21400	2.2	64544	2.18	63628	5.86	402168
1000116	14.3	608100	15.59	26916	7.89	124696	7.72	120964	33.17	406776
1000780	6.67	607772	13.69	23772	4.8	97268	4.67	95192	15.12	406148
1000117	7.3	607992	14.28	25700	4.53	96372	4.42	94356	14.66	406540
1000204	7.25	608812	16.77	26660	5.42	108452	5.25	105212	18.75	408956
1000138	11.77	607116	14.85	20912	7.51	109228	9.67	105716	23.94	403216
1000963	5.54	607868	13.33	23864	3.53	88076	3.49	85532	10.31	405248
1000768	8.88	607712	13.8	26296	19.56	180200	21.6	172576	25.95	406436
1000283	8.58	608844	14.05	28052	5.93	113768	5.66	110508	20.89	410636
1000491	10.74	608428	15.88	26444	8.67	113216	6.17	109964	22.59	408296
1000391	7.9	609188	14.25	28240	5.76	109444	5.56	106764	20.46	409924
1000793	5.14	606392	12.65	21348	2.08	57388	2.04	56804	6.57	400396
1000925	8.58	606876	13.38	23924	5.82	102184	5.65	99380	20.36	403624
1000813	7.57	607296	13.69	24756	4.38	87096	5.49	84720	12.74	404120
1000809	7.69	606504	13.67	20652	6.65	111260	6.4	107224	23.54	401576
1000163	11.03	608920	14.02	28072	11.05	149656	10.67	146160	30.36	408544
1000160	5.82	605524	12.23	19104	3.83	79256	5.06	77064	11.13	397576
1000085	7.85	607904	13.86	25796	6.41	115296	6.22	111780	18.88	406180
1000136	5.44	607108	15.47	22548	3.01	79852	2.89	77460	9.49	402260
1000789	10.93	607768	13.45	23388	10.44	126412	8.02	121976	31.1	406052
1000445	8.04	608668	13.82	24944	6.07	108428	5.78	105812	21.41	408908
1000046	9.29	605444	12.32	18140	6.04	95160	5.81	91960	18.16	398172
1000526	7.52	607684	15.62	25048	5.48	100772	5.32	97896	18	406212
1000331	9.98	609040	14.31	30344	8.26	135112	7.97	129840	30.11	409896
1000800	8.78	606472	12.79	20400	5.43	93788	5.37	91728	20.17	401648
1000060	10.81	606132	12.72	21620	5.23	95436	5.03	93304	19.96	401284
1000465	12.44	608588	15.92	24788	8.95	119380	8.75	116328	33.53	408472
1000741	6.19	606592	12.8	22016	3.26	72268	3.19	70740	10.97	401860
1000549	9.82	607148	13.23	22304	7.55	116236	7.35	112268	30.93	403216
1000740	8.79	608840	14.08	25996	6.26	116448	6.17	112980	21.47	410568
1000666	7.07	608336	14.28	24208	5.42	108192	5.33	104736	17.81	408656
1000074	9.71	608156	14.17	27152	6.6	114580	6.39	111228	23.75	406656
1000209	10.68	608384	14.08	29524	6.69	118008	8.17	114316	28.56	407192
1000455	10.44	606872	12.95	21532	6.84	113832	6.61	110136	24.92	402740
1000095	8.4	606724	13.37	22860	5.91	102044	5.81	99044	22.37	402812
1000819	5.79	604724	13.65	14712	3.4	64492	5.56	63096	10.46	394772
1000878	10.1	607784	13.47	25564	6.39	110464	6.27	106964	24.31	405504
1000601	10.49	608728	13.94	27760	9.17	141496	8.72	136820	33.33	409040
1000145	7.8	606456	12.98	22852	5.5	101044	7.36	97908	19.16	402104
1000602	10.63	606704	14.66	20232	6.89	109156	6.73	105800	28.26	402368
1000670	12.07	608436	14.07	28364	9.02	131596	8.79	127312	31.45	407588
1000152	10.8	606664	13.09	21624	8.25	115508	8.94	111836	30.78	402188
1000228	6.54	607360	13.54	23828	3.85	84140	3.78	81740	12.24	403768
1000574	8.8	608956	16.23	29120	4.97	112112	4.81	108856	20.74	410136
1000504	8.11	608892	14.11	26772	4.72	103316	6.96	101844	18.32	408964
1000516	8.9	608448	14	26776	9.1	136780	8.91	132020	29.76	408948
1000054	10.29	608348	14.16	27988	7.33	123892	7.13	119892	27.65	408300
1000431	10.82	608080	15.46	23528	8.08	121504	9.54	117512	29.39	406652
1000893	9.05	608012	14.06	28660	5.32	107232	5.16	104436	19.93	406724
1000498	10.15	608844	14.05	27860	8.22	131180	8.04	127020	29.45	408556
1000489	7.26	607484	13.59	24088	5.18	102008	4.97	98908	17.03	404744
1000450	8.18	608064	14.56	22780	5.82	108388	5.74	104864	19.71	407636
1000616	10.19	608488	13.61	24060	6.94	120312	6.8	116668	27.42	407900
1000640	9.07	607580	13.61	24308	5.56	104296	5.37	101960	20.82	405020
1001026	10.77	608892	14.11	26656	6.64	122000	6.47	118252	29.37	409420
1000764	12.77	607132	12.83	22776	13.07	139684	10.67	134104	33.87	403708
1000857	13.23	608312	15.79	28072	7.69	120300	7.42	116776	33.25	408024
1000680	4.81	604200	11.04	13356	1.5	38808	1.51	38232	3.47	392696
1000383	12.53	608984	14.1	27464	13.18	155656	11.09	151704	35.93	409668
1000827	9.08	606332	12.8	21712	9.87	139000	9.68	135304	31.14	401632
1000571	8.85	608492	15.87	24756	6.9	117780	6.85	114088	25.23	409192
1000364	12	606936	12.92	23860	8.23	119120	8	115300	30.23	403300
1001034	9.19	608088	13.56	23780	6.17	110364	6.01	107224	25.37	406920
1000009	6.62	607144	13.17	22256	5.61	81044	4.45	79400	13.04	403276
1000849	9.15	609144	16.17	28388	6.62	125556	6.37	121972	26.93	410320
1000550	12.68	607512	13.13	23968	5.95	105096	5.91	103032	20.3	404900
1000006	4.77	606560	12.93	21088	1.08	41956	1.08	41636	2.76	400668
1000578	7.7	605568	12.36	18420	7	111208	9.08	106980	24.92	399292
1000454	10.97	606876	12.75	22460	8.6	122968	8.41	118552	30.11	402980
1000264	8.01	607560	15.51	24680	5.23	101600	5.13	98552	18.52	405940
1000500	5.14	606484	12.84	22028	2.36	64544	2.34	63300	6.89	400744
1000898	6.05	608052	13.69	20596	3.86	89520	3.78	87304	11.56	407260
1000890	9.67	608252	13.64	26464	6.96	115072	6.75	112008	28.39	407324
1000900	9.24	608684	15.78	26216	7.4	114116	9.33	111020	22.61	408376
1000139	11.54	607640	13.24	24968	8.3	129364	8.2	124892	35.93	405364
1000907	7	608112	13.6	24068	4.31	88224	4.19	86252	14.4	407072
1001006	9.36	608684	14.16	29160	6.28	120696	8.25	117048	25.99	408812
1000155	10.36	608280	15.66	24584	6.78	116108	6.54	112464	27.02	407032
1000986	12.4	608328	13.72	26556	8.8	133952	8.49	129204	36.76	406896
1000650	11.28	609012	14.25	30100	7.78	129260	7.64	125688	29.98	410196
1000087	5.01	606652	12.79	21736	1.9	61340	1.84	60216	5.76	401656
1000262	9.89	608696	15.95	25592	5.24	106648	5.15	103888	19.89	408544
1000467	9.28	608208	13.6	25660	7.55	119996	9.61	116308	23.56	408360
1000658	12.09	608728	14.02	28040	10.38	141432	9.65	136196	35.13	409540
1000633	9.96	607304	13.35	22928	10.17	123268	7.64	119160	28.97	403484
1000374	5.81	604708	12.8	15456	2.8	56228	2.78	55168	7.71	394628
1000855	7.74	609076	14.11	25984	4.71	99376	4.51	97236	16.73	410064
1000817	10.02	606576	12.45	18748	6.47	104064	6.43	100896	24.62	401892
1000408	12.22	608424	13.54	23600	9.25	126136	9.08	121780	25.59	408424
1000365	10.14	606488	12.33	19132	6.77	101768	6.61	98784	24.23	401288
1000866	8.98	608688	16.09	28052	6.71	114224	5.38	111180	19.66	408936
1000359	10.18	608648	13.85	27112	7.81	130436	7.61	125956	28.56	408788
1000495	10.76	608964	14.05	26204	6.16	115632	5.93	112440	22.94	409520
1000106	7.03	608360	13.64	24076	6.69	97792	4.27	95960	15.08	408192
1000056	10.84	607268	14.88	21996	8.56	118732	8.55	115152	34.37	403920
1001016	6.64	607432	13.67	26280	4.38	97424	4.3	94972	16.11	405468
1000662	6.1	606248	12.42	18472	4.01	57780	2.14	56716	5.56	399900
1000429	9.6	606776	13.34	26500	7.02	116572	6.76	112376	27.5	402552
1000172	4.79	606436	14.58	19136	1.83	57108	1.81	56312	4.88	400272
1000405	4.78	606632	12.87	21028	1.3	41872	1.29	42124	2.98	400752
1000244	4.93	606476	12.8	19456	2.36	64536	2.3	63320	6.28	400712
1001032	6.71	607632	13.13	21636	5.57	106792	5.32	103436	15.95	405084
1000361	9.66	608520	14.75	27720	4.87	106852	4.75	105072	17.72	408680
1000832	9.67	606588	12.92	21024	7.39	110756	7.18	106804	27.9	401576
1000253	5.48	604000	11.11	13680	1.86	42932	1.85	42292	4.41	392904
1000362	14.15	607884	13.56	25580	10.32	134528	10.24	130620	39.24	406336
1000844	10.92	608796	13.93	27692	7.2	119172	6.99	116200	25.98	408928
1000763	9	607840	15.71	24884	6.53	112436	6.38	108908	23.99	406144
1000935	6.64	607724	13.61	25444	4.69	97492	4.48	95212	16.24	405552
1000877	10.4	608668	13.76	24384	7.58	121844	7.63	118304	27.21	408084
1000179	9.84	606752	12.75	20576	7.02	110236	6.9	106588	25.56	402820
1000425	10.9	608652	15.94	25560	7.44	125320	7.17	121504	25.88	409592
1000842	9.61	607832	13.49	23040	7.73	120972	7.67	116876	27.11	406384
1000701	7.98	608460	13.69	24096	5.16	107704	5.06	104700	18.41	408340
1000289	9.05	608780	13.9	27388	6.77	119904	6.63	116288	26.98	407540
1000687	11.03	608456	15.55	24020	6.6	115280	6.44	111568	25.17	407028
1000379	10.59	606852	13.3	23328	7.01	108088	6.88	104784	26.88	403264
1000778	10.8	606920	13.07	24476	10.18	128224	9.86	123436	30.89	402624
1000908	7.1	607528	13.54	23876	7.53	103952	5.08	100432	20.96	404464
1000683	10.44	606660	15.07	24536	6.5	109324	6.27	105928	23.94	402524
1000191	8.88	608800	13.86	26356	6.03	112192	5.83	108936	24.68	408872
1001020	8.2	606308	12.81	20372	8.82	116020	6.41	111916	22.33	401120
1000501	8.22	606104	12.45	18488	5.74	101944	5.82	98248	22.48	400560
1000451	7.47	607160	13.41	24776	5.21	97312	5.1	94836	16.95	404148
1000820	6.68	607084	15.29	23852	4.19	86440	4.09	84104	13.92	404352
1000770	8.72	608360	13.92	26092	6.59	113000	6.44	109492	24.43	408096
1001031	7.13	608736	14.06	26188	5.6	112812	5.44	109640	18.95	409248
1000097	9.66	608584	13.78	24976	6.69	117792	6.43	113948	26.57	407400
1000514	8.16	606220	14.43	18496	6.32	105460	6.09	101748	21.3	400572
1001021	6.84	607260	13.4	22936	4.67	95420	4.49	93044	15.47	403852
1000613	5.67	604848	11.71	15220	3.46	67144	3.42	65292	12.82	395220
1000125	6.81	605176	12.01	16816	6.56	82556	4.12	80436	12.7	396084
1000406	5.14	607724	15.3	23900	2.62	71712	2.59	70656	7.65	402924
1000730	6.06	607188	13.3	22276	3.25	75860	3.18	73848	10.72	404476
1000937	9.07	608744	14.23	26944	7.25	124980	7.06	121072	28.61	409828
1000052	12.24	606792	13.09	21648	8.08	115692	9.79	111996	28.01	402924
1000903	9.35	607864	15.54	24748	6.16	106176	6.02	102940	22.01	405492
1000158	4.98	606440	12.67	21048	2.21	63052	2.16	62288	6.04	400968
1000143	9.85	608588	13.81	24736	6.93	114472	9.01	111464	27.2	408472
1000636	11.82	606804	12.56	20404	7.01	104472	6.97	101440	25.47	402520
1000868	10.98	608152	14.01	25988	8.31	127828	8.02	123768	30.76	406864
1000609	8.77	605852	14.16	18128	6.81	103724	6.62	100504	22.96	400124
1000759	9.15	608324	14.1	27080	5.15	102432	5.07	100800	18.23	407220
1000839	10.25	607044	13.13	24024	8.35	118288	7.87	114204	27.94	402780
1000912	8.32	608508	13.86	26032	5.8	110320	5.6	107216	21.45	407720
1000885	9.83	608492	15.86	25936	6.15	118520	6.08	114800	24.44	407968
1001001	9.63	608656	14.08	25964	12.3	137220	9.82	131740	26.13	409092
1000459	8.58	608740	14.12	26264	5.65	108640	5.54	106176	23.58	408516
1000823	8.52	608468	13.82	25576	5.18	111224	5.05	108244	17.55	407612
1000317	9.38	607688	15.78	27812	7.78	116192	6.79	112764	29.51	405760
1000965	6.23	604180	11.15	14012	2.48	47388	2.47	46432	5.22	393368
1000913	8.85	608604	13.69	25712	6.35	114000	6.21	110392	21.42	408624
1000881	9.25	608860	13.97	26972	5.91	112944	5.8	109748	25.07	409640
1000659	12.75	608580	15.86	27016	8.65	126132	10.68	122468	34.4	408024
1000805	8.95	608852	13.97	26652	6.18	100252	5.84	97488	23.32	409380
1000332	10.04	608232	13.74	26708	8.06	126528	7.56	121936	29.14	406844
1000998	9.88	608944	14.25	29312	7.72	131164	7.42	126656	32.49	410440
1000280	11.24	608204	16.08	27548	7.85	126592	7.8	122344	28.17	406716
1000703	9.63	606532	12.59	19940	9.54	107176	7.04	104020	27.13	401484
1000377	7.25	608216	13.82	24588	6.68	120716	6.67	116636	20.44	406108
1000967	9.62	608628	14.12	27604	6.88	125364	6.91	121248	26.45	408972
1000305	10.2	608748	16.19	28768	8.9	130028	7.46	125152	25.82	408728
1000875	5.24	607964	13.2	21652	1.92	58284	1.88	57780	6.37	402708
1000712	9.05	607844	13.73	26912	6.05	107532	5.88	104296	23.71	405996
1000131	11.22	607124	12.85	20056	7.57	114344	7.46	110280	31.5	403272
1000464	10.55	608568	15.18	28348	7.27	124032	7.1	120044	25.29	408584
1000413	13.16	607720	13.26	24052	8.76	129284	8.5	125128	37.17	405632
1000639	9.73	607380	13.44	23884	8.23	100356	5.72	98496	22.71	404456
1001019	9.05	606228	12.67	17868	6.93	100128	6.69	97364	24.82	400704
1000918	10.62	608412	14.06	28476	7.4	122948	7.2	119064	29.54	408140
1000436	9.26	606604	15.04	22596	9.66	113616	7.54	109656	27.2	401912
1000273	9.79	608620	14.19	29040	5.69	110468	5.46	107508	21.45	408988
1000818	8.49	608604	13.99	25404	4.93	110008	4.79	106832	20.37	408824
1000219	9.37	606776	12.69	19720	4.75	91072	4.56	88608	16.92	402776
1000735	8.91	608072	15.53	23252	5.66	106892	5.57	104148	20.11	406284
1000732	10.91	608252	13.73	26240	8.13	132688	7.96	127740	32.6	408020
1000939	10.25	607952	13.95	27460	9.37	116748	6.94	113068	27.06	406216
1000915	5.55	607060	12.82	16776	2.8	59452	2.75	58988	10.33	401880
1000469	9.57	606728	15.07	21328	6.75	108820	6.54	105324	23.83	402532
1000927	9.61	608340	13.65	25408	6.05	109904	5.84	107260	23.4	407472
1001040	6.86	607368	13.6	25864	4.95	97716	4.8	95052	17.28	404204
1000417	9.11	608752	14.01	25916	6.85	118940	6.74	115604	24.48	409588
1000826	9.79	606704	15.15	24004	6.62	106848	6.29	103756	25.31	402356
1001017	6.44	606916	13.37	24140	3.77	82364	3.75	80228	13.26	403056
1000933	5.17	606716	12.92	22332	2.73	68660	2.68	67232	7.37	400952
1000284	7.92	608240	13.67	25408	5.71	110144	5.52	107036	22.16	408508
1000418	9.34	606460	14.02	19292	10.29	106868	7.8	103412	24.8	401028
1001037	9.4	608932	13.97	26392	7.18	124416	6.94	120476	29.24	409264
1000252	6.86	607588	13.41	21004	6.05	108648	5.89	104680	16.82	405392
1000906	10.79	608636	14.05	26948	10.79	135456	8.17	130276	32.77	408832
1000783	10.44	608632	13.99	26928	7.63	124444	7.47	120588	28.86	408952
1000518	7.86	607948	14.31	22880	4.84	103248	4.77	99840	17.31	404276
1000037	9.74	606736	13.14	23956	8.06	116996	10.18	113196	28.33	402472
1000661	12.98	609120	14.23	29004	12.26	151000	11.91	145752	39.89	409640
1000326	8.52	608832	14.09	28336	7.64	110084	5.27	107180	20.88	410224
1000825	13.36	607628	15.37	23504	7.59	113940	7.48	110688	33.51	404696
1001015	9.96	607028	13.1	23424	8.48	126964	8.45	121864	26.67	402992
1000794	8.15	608664	13.86	25040	5.56	106092	5.42	104008	21.02	409116
1000127	11.36	606632	13.07	23728	7.96	115800	7.82	111928	26.28	402408
1000655	8.54	608712	15.86	24820	6.85	118720	6.76	115024	24.87	408608
1000541	5.7	604676	11.76	15180	3.63	71244	3.54	69024	10.44	395696
1000285	9.14	608696	13.85	28652	7	121980	6.83	117860	28.65	408896
1000355	8.91	608540	13.75	24464	4.7	107684	4.72	104936	18.03	408804
1001002	9.16	608232	15.76	24096	7.07	112668	9.1	109528	26.96	408812
1000892	8.65	606456	12.28	16308	4.46	82792	4.37	80688	14.46	401356
1000634	5.06	607408	13.08	21660	1.97	60484	1.94	59496	5.79	402540
1000989	5.4	607312	13.37	24492	2.52	61756	2.45	60500	6.86	402328
1000033	12.54	607744	14.05	24204	9.55	134796	11.56	130064	37.45	405768
1000369	7.58	607784	13.75	24076	5.7	107456	5.5	103820	18.51	406348
1000082	10.68	608100	13.86	28440	6.37	112812	6.26	109488	24.9	406644
1000404	8.95	607384	13.42	24776	5.76	106672	5.74	103456	18.55	404520
1000830	11.51	607396	12.95	22832	7.26	116636	7.16	113164	31.75	404432
1000869	6.18	607552	15.72	24140	3.56	85316	3.45	83120	10.37	405360
1000144	10.67	608360	13.62	26268	8.31	119836	10.55	116176	27.63	406840
1000556	8.98	608284	13.57	23772	5.22	100132	5.1	98768	18.82	406196
1000736	6.07	607696	13.58	24080	3.71	85336	3.65	82924	11.87	405296
1000411	10.18	606712	14.52	18484	9.29	107692	6.79	104368	26.87	402048
1000439	8.57	606128	12.79	19452	7.1	115528	6.82	111056	25.04	401024
1000663	5.3	607064	13.17	23628	3.27	79872	3.15	77928	9.34	402204
1000480	11.44	608576	13.82	25028	9.99	116428	7.42	113408	30.24	408124
1000302	6.95	607496	15.53	24792	4.74	98168	4.68	95676	16.16	405484
1000174	12.7	608088	13.74	29260	8.56	134968	8.26	130224	33.27	406760
1000304	7.21	608632	13.71	25716	8.67	119344	6.32	115496	18.21	408436
1000065	13.25	607824	13.52	27260	11.95	152392	11.84	148508	39.42	405872
1000846	8.79	609164	16.19	28584	5.62	109180	5.48	107168	20.16	410572
1000184	11.36	608796	13.86	27388	8.21	129764	7.93	125952	31.42	408572
1000293	9.09	608276	13.78	25508	5.37	109384	5.2	106320	20.58	406988
1000047	9.86	606408	12.92	22284	7.23	111956	7.26	108304	27.84	401648
1000067	10.98	608556	15	24996	7.36	117948	7.18	114500	26.11	408752
1000688	9.45	608392	13.85	25132	6.46	113844	6.35	110928	24.7	408788
1000020	11.48	607200	13.42	26660	10.9	127960	8.47	123260	30.94	403916
1000876	8.18	606284	12.57	19108	8	119068	7.79	114208	24.41	400780
1000215	12.32	608828	13.99	27864	10.58	139396	10.43	133776	29	408332
1000656	11.59	609044	16.13	28376	9.69	147808	9.55	142768	36.4	409708
1000354	10.02	608212	13.69	25712	7.99	122964	7.82	118988	29.85	407624
1000433	10.77	608148	14.05	28868	6.74	107808	7.41	105136	22.42	406460
1000994	6.94	608496	13.62	23848	3.43	83016	3.37	81348	11.5	407300
1000604	7.6	608864	16.16	26420	6.3	120132	6	115964	23.43	409676
1000385	9.09	606636	12.82	21440	7.43	99856	5.36	96896	20.77	401632
1000200	8.68	607496	13.64	24100	5.24	106700	5.04	103548	17.69	405364
1000649	5.93	605148	12	16544	4.56	82244	4.35	80352	13.17	396024
1000216	9.21	607792	15.18	21652	5.85	107528	5.67	104468	21.04	407064
1000241	6.58	607380	13.59	24168	4.61	94644	5.07	92532	14.49	405476
1000949	15.92	607400	13.07	21320	9.07	123752	9.01	119872	35.09	404932
1000678	10.4	607028	13.28	24632	7.37	119644	7.23	115488	31.21	403608
1000202	5.14	607780	15.26	22556	2.6	71996	2.58	70404	7.08	401776
1000681	9.2	608576	13.97	29364	5.99	117252	5.77	113800	22.04	407380
1000196	9.32	608608	13.88	24136	4.95	103940	4.71	102420	16.26	409144
1000566	7.93	606168	12.59	20924	7.42	100004	4.96	96484	18.5	400652
1000577	10.96	607196	13.13	23412	7.76	117864	7.63	113800	29.7	404116
1000850	5.49	607484	13.73	20776	2.53	72636	2.43	71092	7.96	402964
1000643	10.23	606576	13.16	22964	5.46	97368	5.38	94824	20.69	402172
1000593	10.97	608864	14.1	29148	8.17	129272	7.98	125404	30.48	409744
1000133	10.55	608204	13.9	27188	6.46	111836	6.24	108384	23.3	407544
1000442	9.13	609128	16.17	28932	11.55	141900	8.99	136744	28.36	409884
1000399	9.32	608280	14.05	29120	6.89	120000	6.58	116240	25.67	406944
1000520	8.67	608144	13.33	24660	5.54	105784	5.33	102988	22.46	407100
1000140	7.63	608400	13.83	26568	5.58	95644	4.45	93292	16.51	407872
1000395	9.32	607620	15.73	24644	7.27	115200	7.05	111060	22.83	406052
1000942	7.78	608304	13.59	23504	4.77	99760	4.54	97804	15.06	407940
1000292	10.26	608076	13.8	25044	8.04	108012	6.65	105060	24.25	406564
1000279	11.5	608204	14.08	28364	8.19	127968	8.08	123680	29.69	408236
1000227	10.94	608456	15.71	26188	7.84	125640	7.61	121588	26.29	407732
1000428	15.28	607364	12.91	20404	12.84	138232	14.82	133204	37.22	404612
1001029	11.58	608956	14.08	28372	8.42	131816	8.11	127520	32.19	409500
1000568	8.04	607768	13.25	22252	4.15	85232	4.03	82816	12.33	406420
1001024	10.23	608736	16	28608	7.08	120004	6.84	116524	26.42	408036
1000863	5.57	607072	13.28	22588	3.51	77200	3.49	75096	8.75	402504
1000162	5.03	604296	11.15	14096	2.04	45304	2.02	44508	4.53	393384
1000607	11.14	608760	13.91	27756	8.39	118020	7.92	114644	24.89	408876
1000693	9.76	608840	16	28308	7.27	124828	7.12	120940	28.21	409576
1000175	9.1	608276	13.59	26432	6.59	111428	6.36	108268	23.67	407112
1000555	9.84	608616	14.03	27872	6.65	112096	8.96	108840	26.11	408416
1000291	14.53	607764	13.2	24348	8.82	121408	8.76	117940	35.15	404884
1000303	10.15	606408	12.9	21012	6.39	97560	6.29	95000	23.04	401124
1000675	9.12	606596	14.65	21344	6.16	98688	5.98	96312	22.61	402616
1000275	10.32	608980	14.1	26208	6.37	122712	6.2	119172	23.49	410288
1000576	9.67	608744	13.93	25336	6.11	105556	5.86	103244	20.93	409192
1000799	6.1	607060	13.21	19196	3.49	75796	3.39	73832	13.49	402456
1000102	10.36	609036	16.31	27980	7.97	128392	7.74	124348	27.8	409944
1001035	10.51	606172	12.54	21456	7.14	111652	6.91	107800	26.81	400656
1001012	10.49	606652	13.02	23704	6.77	105552	6.71	102052	25.08	401992
1000197	10.84	607924	13.56	23800	6.89	110020	6.69	106708	27.95	405376
1000621	10.08	608632	16.07	25644	7.88	121180	7.41	117196	26.53	409432
1000118	9.34	608644	13.74	24384	6.85	114560	6.74	111336	25.9	408136
1000232	6.53	607180	13.49	25136	4.12	85500	3.99	83084	13.38	404476
1000348	8.5	608584	13.77	24388	7.58	121992	7.27	118048	24.53	409088
1000149	10.89	606884	15.19	25844	7.95	114516	7.62	110988	28.56	402780
1000808	8.09	608996	14.13	28372	5.85	118228	5.7	114564	20.97	409836
1000871	7	607456	13.44	23464	7.34	97044	4.74	94668	15.52	405116
1000974	8.77	606332	13.04	22076	5.85	98888	5.71	96376	22.22	401608
1000225	12.24	607296	15.38	25676	7.82	113832	7.89	110140	31.06	403544
1000045	11.06	607816	13.9	24464	9.98	112696	7.61	109176	25.47	406388
1000128	8.46	608152	13.83	25044	6.05	105744	5.8	102496	22.46	407412
1000964	5.25	604164	11.24	12748	2.79	48572	2.74	47816	6.08	393600
1000635	11.53	608520	14.48	24880	7.64	113360	6.37	110204	22.1	408360
1000745	8.01	608216	13.71	23336	4.88	98880	4.74	96836	18.9	407336
1000811	8.92	608572	13.68	25784	8.2	113452	8.06	109976	22.55	408584
1000719	9.16	608080	13.38	22576	5.85	103620	5.68	101600	22.85	406388
1000142	7.84	608440	13.49	25076	6.2	113364	6.14	110044	20.5	408016
1000931	8.28	608856	16.05	25692	8.28	132864	7.89	127908	24.9	409584
1000468	7.16	607284	13.41	24580	5.12	90964	4.55	88432	16.03	404908
1000648	9.12	607032	13.07	21048	4.87	83240	4.75	80924	17.37	402860
1000316	8.96	608636	13.67	25392	6.06	107796	5.93	105152	22.8	408552
1000412	11.73	608940	16.27	27104	12.69	147296	10.14	142048	34.95	410072
1000089	7.5	608220	13.67	24088	3.67	81228	3.58	79556	14.38	406892
1000238	6.62	607660	13.14	23272	2.4	61608	2.36	60800	6.39	402828
1000887	10.78	608712	14.13	28048	9.25	137788	9.23	132876	31.4	409724
1000771	8.98	609188	16.19	26480	5.8	110532	5.68	107604	19.17	409616
1000713	8.74	608484	13.83	26572	6.85	115364	6.67	111936	23.12	408116
1000677	14.08	607324	12.94	22816	7.85	111108	7.77	107996	31.33	404476
1000217	9.2	606492	12.9	23112	7.13	108328	7.09	104816	24.94	401376
1000586	11.59	608924	16.16	27032	9.87	144680	9.7	140104	37.3	409860
1000580	9.63	608384	13.71	24400	7.67	100344	5.06	98576	16.85	407452
1000247	13.41	607936	13.39	23012	10.94	137284	10.79	132100	39.32	406240
1000237	11.06	606792	13.03	21336	8.09	116984	7.85	113172	30.5	402492
1000824	9.07	608412	16.12	27796	6.2	119920	7.6	116248	21.48	409116
1000188	7.58	606308	12.56	20712	6.49	108632	6.36	104724	25.66	400648
1000603	12.37	607732	13.45	25328	7.58	110384	7.49	107524	28.78	405988
1000924	6.6	607608	13.65	24080	4.45	97460	5.23	95140	13.34	405516
1000147	10.47	605912	12.24	19136	6.21	90088	5.99	88284	20.51	399772
1000309	10	608652	14.66	26204	7.74	117724	7.64	114108	27.45	407780
1000754	9.56	606788	13.04	22908	6.64	104352	9.03	101140	23.69	402388
1000959	11.63	607176	13.2	24336	10.94	137728	10.79	132548	35.2	402936
1001036	8.46	608280	13.45	24272	5.97	111368	5.62	107888	19.93	406400
1000632	9.95	608744	16.02	26708	8.12	122620	7.83	118796	26.39	408792
1000341	13.44	607904	13.5	25616	10.99	142636	10.82	137708	39.16	406084
1000296	7.6	608068	13.48	25076	5.76	112208	8.15	108792	20.29	407536
1000124	8.45	609108	14.12	27864	6.48	117512	6.32	114272	23.13	409960
1000335	6.72	607276	15.39	22576	6.49	102868	6.43	99340	16.39	404664
1000351	10.28	608148	13.53	23500	7.35	123968	9.7	119944	26.47	407060
1000706	9.9	608444	14	25992	6.57	116460	6.38	112776	24.27	407208
1000159	7.38	608536	13.87	26332	4.74	95180	4.67	93104	15.95	407404
1000726	5.05	607384	15.06	22000	3.1	62188	2.18	61608	5.62	401988
1000382	8.98	607096	13.36	23144	6.37	104280	6.26	101480	22.07	404124
1000088	8.21	608696	13.85	24992	7.19	117424	6.92	113832	22.68	409304
1000353	10.71	609008	14.12	26564	11.97	136516	9.31	131256	30.51	408864
1000066	5.35	607792	15.25	21952	2.22	55472	2.18	54832	5.48	402856
1000562	8.52	608364	13.47	23472	5.77	111580	5.64	108316	18.38	408328
1000083	7.65	607364	13.36	24540	4.84	90904	4.67	88204	16.7	405132
1000895	10.49	606968	12.68	19732	8.02	115160	9.04	111728	27.31	402812
1000631	10.31	608764	15.57	25256	8.01	126272	7.66	122500	29.29	408020
1000257	9.77	608172	14.01	27224	5.56	112856	5.38	109652	19.75	408240
1000344	11.38	607676	13.64	25936	8.4	109596	8.14	106272	26.95	405816
1000798	6.22	607112	13.17	23528	3.93	86580	3.88	84412	12.16	404628
1000873	7.16	607248	13.51	24552	4.69	89780	4.52	87304	15.98	404992
1000990	8.78	608912	15.36	27292	4.44	102832	6.33	101240	14.55	410408
1000620	9.79	608584	14.17	28780	7.21	123828	7.09	120008	24.44	407656
1000308	9.05	608204	13.61	23808	5.76	103080	5.92	100516	17.37	407388
1000747	9.24	608516	13.62	25384	6.85	116532	9.13	113068	26.05	408272
1000410	11.58	608520	15.91	27656	7.18	122960	7.03	119024	26.56	407592
1000676	5.42	606468	12.8	20716	2.82	65528	2.71	64044	9.95	401460
1000494	10.47	609024	14.12	27368	10.38	131656	7.86	127720	29.39	409932
1000679	8.5	608760	14.05	27852	6.37	115232	6.16	112056	22.4	409160
1000519	10.48	608676	15.91	25964	8.8	131288	8.59	126728	27.53	408020
1000334	10.08	607776	13.58	24060	7.05	109880	9.42	106884	26.59	405544
1000295	9.36	607204	13.09	22440	8	121972	7.75	117384	28.65	403164
1000073	7.8	608580	13.88	26080	6.1	112548	5.97	109032	20.16	408396
1000922	10.92	608976	16.27	27832	8.42	135492	9.93	130380	28.34	410392
1000146	9.29	608276	13.86	25544	6.83	110152	6.6	107048	22.5	408584
1000995	10.24	608644	13.9	27080	11.56	132272	8.72	127504	27.67	408492
1000416	11.72	609004	14.36	31140	9.04	138792	8.71	134044	31.28	409376
1000523	10.37	606644	15.32	22248	6.37	100120	6.27	97420	22.78	403284
1000199	9.29	608640	13.94	27388	6.5	113660	8.89	110300	25.18	408536
1000938	7.1	607140	13.36	24188	4.19	86024	4.05	83768	13.86	403388
1000746	8.94	609428	14.37	29648	7.13	128964	6.95	124960	24.47	411088
1000970	10.89	606572	14.9	20684	11.73	134296	14.06	129376	30.34	401312
1000276	7.96	606808	13.05	21628	5.57	94588	5.35	91996	19.2	402592
1000432	13.49	608720	13.95	25272	9.24	135968	8.89	131248	31.6	408984
1000487	12.1	607944	13.35	25580	10.01	137712	9.75	132680	38.65	406048
1000791	7.38	607416	15.62	24100	5.75	106600	5.54	103184	18.62	405296
1000785	9.63	606408	12.96	23144	7.95	102172	6.08	98952	24.09	401772
1000105	12.96	608116	13.54	23776	9.36	126332	9.17	122152	35.51	406216
1000166	9.52	605696	12.33	19448	7.41	94372	7.26	91892	25.75	398816
1000164	9.45	608608	14	26140	7.31	117280	8.09	114004	23.46	409164
1000401	6.52	607632	14.4	22648	2.84	74164	2.75	72516	8.03	402452
1000011	6.19	605068	12.16	18172	4.85	83756	4.75	81216	12.66	396924
1000853	9.24	608332	13.48	24840	6.67	108336	6.58	105420	20.58	407720
1000463	9.24	608040	13.65	24328	7.12	122776	7.12	118712	24.75	406952
1000610	14.58	608844	16.1	27844	8.94	129472	8.65	125392	31.95	409216
1000484	8.34	606724	13.43	24180	6.33	97368	5.21	95236	20.7	403092
1000114	10.85	606304	12.26	17508	7.04	103164	7.07	100104	23.57	401792
1000897	6.18	607256	12.82	20136	3.71	79344	3.61	77532	11.13	403504
1000543	7.74	609016	16.37	29036	5.84	110052	5.66	107040	18.8	410044
1000638	10.06	606596	13.04	23408	6.16	101868	5.95	99116	22.43	402320
1000696	8.66	609068	14.26	28768	6.24	119052	6.01	115472	22.9	409068
1000071	11.6	608504	13.75	27236	7.02	117372	6.94	113928	25.08	407264
1000528	7.85	608644	16.02	26040	4.71	100180	4.67	98904	15.05	408932
1000585	8.81	606684	13.26	22228	6.88	105708	6.56	102548	21.67	403028
1000822	10.97	608356	13.58	25856	8.57	134672	8.3	130188	28.89	407188
1000685	8.43	609040	14.24	26292	7.22	125248	7.17	120980	23.66	410404
1000664	10.74	608528	15.94	27256	7.75	125720	7.47	121756	27.12	407296
1000290	5.22	606676	12.71	20092	2.52	65644	2.5	64476	7.37	401108
1000190	10.33	608480	13.91	27096	8.09	133088	7.93	128308	29.16	408320
1000684	12.86	607940	13.61	26460	9.74	134688	9.67	129600	38.03	406580
1000874	7.56	608108	13.4	24140	7.03	95808	4.59	93156	17.35	406948
1000393	9.66	608640	15.14	27456	7.01	118184	6.94	114724	28.34	409224
1000150	9.77	607092	13.31	23852	7.49	111244	7.27	107828	27	403308
1000059	8.86	609140	14.3	28596	9.48	127444	7.36	123316	27.7	409924
1000342	5.96	607928	13.3	22612	3.38	84764	3.29	83076	10.96	405160
1000470	10.07	607692	15.75	25144	7.15	114588	7.03	111112	27.98	405520
1001010	11.31	608796	13.88	27084	9.83	122760	7.27	118776	27.43	408124
1000738	10.13	608076	14	26456	10.24	129140	9.83	124524	31.21	406820
1000078	8.27	608828	14.15	26860	4.21	96896	4.1	95092	14.62	409116
1000336	8.84	608616	15.91	24792	7.43	121752	8.21	117336	19.64	408540
1000673	11.12	608576	13.95	28180	10.98	149108	10.69	145644	35.04	407984
1000582	5.01	606392	12.63	19448	2.12	53608	2.09	52868	4.72	400524
1000214	10.28	608324	13.84	25072	14.31	152912	16.41	148404	28.66	407912
1000864	11.84	607076	15.73	23144	11.41	133580	11.3	128732	31.56	403752
1000945	9.04	608692	14.24	26676	6.44	113656	8.66	110712	26.35	408428
1000050	9.54	608376	13.98	26496	6.26	110724	6.32	107792	24.63	407608
1000758	13.55	608088	13.8	25044	7.92	123208	7.79	119412	34.15	406484
1000313	9.42	608304	16.37	27760	7.92	127792	7.71	123484	26.32	408248
1000294	10.33	606712	13.32	22988	11.17	119368	10.92	115204	28.39	402176
1000042	11.71	608292	13.76	24504	13.74	151216	15.8	147108	32.22	407164
1000447	10.09	608888	14.29	28256	7.44	129368	7.28	125240	28.43	409156
1000080	6.85	607700	16.2	25144	4.76	98956	4.31	96548	15.63	406396
1000618	10.48	607908	13.86	24204	6.28	107964	6.23	105096	25.17	405672
1000269	15.02	606936	13.07	22156	12.13	140096	11.96	135016	36.13	403152
1000193	8.29	607736	13.92	24612	4.97	97848	7.18	96360	17.97	405560
1000207	10.66	606596	15.43	24520	9.83	126028	9.51	120844	29.93	401948
1000547	7.78	607720	13.84	25380	5.38	104236	5.22	100852	20.78	406588
1000019	11.35	607560	13.39	23228	7.08	114612	8.37	111304	26.33	404808
1000319	8.17	606408	12.99	22812	5.87	110260	5.72	106692	22.76	401528
1000979	12	609072	15.71	27712	15.27	157492	12.39	152808	31.72	410084
1000448	8.02	607700	13.75	25704	4.69	97692	4.43	95312	14.93	405484
1000503	13.4	607548	13.06	20972	9.7	129512	9.53	125352	35.22	404900
1000859	8.92	606480	12.96	22044	11.59	147204	13.79	141360	31.9	401848
1000458	10.43	608680	13.9	28540	7.17	123328	6.95	119264	26.55	406684
1000583	8.4	608780	16.26	26812	6.15	117280	5.9	113812	23.48	409352
1000218	10.21	608220	14.07	28296	7.48	121316	7.17	117484	27.78	406940
1000023	6.96	608460	13.86	24708	5.3	111232	5.15	108032	18.21	408464
1000861	13.72	607460	12.89	20392	11.43	124240	9	120168	34.5	404296
1000894	9.57	608652	16.08	27208	6.35	117044	6.06	114096	24.74	409728
1000896	5.83	607056	13.06	21636	4.21	88340	4.05	85680	12.2	404116
1000363	8.98	608132	13.54	23772	6.92	106200	6.19	103372	22.77	406692
1000561	11.41	608236	13.93	27644	7.62	113096	7.34	110096	26.2	406456
1000932	11.55	606704	15.09	23964	11.27	130100	10.84	125012	33.29	402664
1000165	13.02	607396	13.23	25104	8.84	125328	10.86	121652	33.66	404944
1000614	13.16	608368	14.03	28128	9.63	134520	9.48	129732	32.75	407544
1000028	4.89	606324	12.74	21720	1.97	62196	1.93	60920	5.61	401392
1001013	7.33	608480	15.99	24996	7.02	119536	6.63	115844	21.26	408392
1000950	10.41	608684	13.82	25476	9.18	133392	8.92	128932	31	408432
1000349	10.75	608252	13.68	24136	10.28	128548	7.86	124204	25.37	407608
1000479	10.16	606276	12.94	22216	8.35	117028	8.13	112992	30.43	401352
1000689	9.61	608308	15.72	26492	7.48	128216	7.34	124060	27.89	407952
1000392	6.18	607060	12.52	20404	5.02	84688	5.32	82356	14.51	402884
1000104	9.6	608832	14.17	29552	5.75	117276	5.59	113748	21.68	410032
1000836	5.88	605184	12.04	16548	3.44	74536	3.39	72176	11.09	395992
1000186	9.76	608328	13.66	24096	8.74	127136	8.12	122568	29.48	408616
1000460	4.92	606360	14.62	20108	2.26	61708	2.23	60100	6.28	400656
1000109	12.95	609464	14.32	28308	14.84	173036	14.8	166564	36.98	409312
1000347	10.82	609060	14.13	28956	7.58	122924	8.98	119368	28.26	409872
1000394	8.28	608220	13.54	23764	4.6	101284	4.4	99576	17.65	407460
1000119	10.1	608464	16.17	28364	6.14	112720	5.87	109912	24.38	407640
1000723	7.06	607424	13.57	23856	7.3	101412	4.84	98400	17.58	405304
1000242	8.66	607924	13.09	21612	5.12	98780	4.89	96652	18.46	407308
1001011	10.38	606472	12.48	20072	7.34	108232	7.22	104624	26.16	401876
1000612	6.46	607508	15.58	23484	4.23	92540	4.06	90800	16.24	405264
1000192	10.02	606256	12.54	19368	14.02	152792	13.57	146428	32.06	400640
1000682	8.78	606244	12.56	19924	7.59	119224	7.59	113984	28.56	401028
1000522	8.98	606044	12.76	20000	6.08	100804	6.38	97328	21.99	401032
1000372	12.44	608760	16	27696	11.07	141868	10.81	136936	32.62	408640
1000277	8.81	606400	12.97	22088	6.28	100052	5.58	97100	21.02	401284
1000270	11.76	606948	12.72	19768	7.17	103276	6.98	100788	28.75	403516
1000558	11.07	608072	13.88	25416	8.59	117572	8.32	114196	27.9	405876
1000787	6.33	607556	13.55	23036	3.73	87080	3.61	84648	15.57	405056
1000075	6.98	608472	14.45	24428	5.14	108668	5.19	105540	17.12	408540
1000380	8.84	607744	13.17	23652	8.05	115220	7.93	111364	21.07	403968
1000243	11.74	607016	13.02	23116	13.94	137828	11.51	132856	35.14	403348
1001022	12.26	607472	13.17	22436	10.32	135932	10.04	130908	38.56	405344
1000734	7.44	609208	16.12	27616	5.01	104812	4.95	102640	17.21	410200
1000008	6.89	607396	13.42	23464	5.08	99068	5.78	96248	18.04	404508
1000003	11.63	609040	14.18	28236	6.87	119456	6.7	115920	26.79	410268
1000434	4.92	606520	12.79	20432	2.34	65560	2.3	63972	6.13	401000
1001005	7.79	607888	15.68	23804	9.27	110780	6.79	107044	17.75	406012
1000373	4.68	604160	10.99	13348	1.41	38428	1.39	38028	5.28	392684
1000704	9.72	608248	13.51	24820	10.42	132840	10.34	127880	25.45	408020
1000477	11.15	608608	13.73	28296	10.9	130512	8.49	126232	35.33	408732
1000396	5.63	607920	15.5	24588	3.35	82844	3.3	80808	9.82	406600
1000976	9.1	606884	13.26	22308	6.19	98412	6.02	95736	21.9	402840
1000909	11.48	608000	13.92	25844	8.99	111784	6.57	108624	26.92	406612
1000206	10.43	608916	14.23	28116	7.05	124144	6.91	120468	26.47	410064
1000773	8.63	609072	16.13	26568	7.86	131392	7.57	126920	28.32	409940
1000952	5.97	607020	13.13	21660	5.7	82420	4.82	80112	11.61	402484
1000311	8.31	607380	13.49	25072	5.65	99388	5.49	96220	17.86	403828
1000018	8.13	607536	13.55	23532	7	110744	6.88	106956	21.54	404736
1000254	4.79	604116	11.07	12228	1.87	41904	1.85	41464	4.08	393216
1001004	8.25	606508	15.03	23416	5.01	95348	5.18	93352	18.41	401852
1000854	11.88	607752	13.97	28056	8.4	123640	8.22	119456	30.81	406156
1000040	8.03	608960	14.25	28852	6	113232	5.88	110012	19.73	409940
1000539	6.65	607064	13.43	24764	4.32	89856	4.2	87136	17.82	403476
1000772	8.93	607984	15.37	22528	6.03	109184	6.01	105964	20.06	405916
1000115	11.8	609064	14.33	28788	8.24	137248	8.05	132808	34.23	409600
1000852	11.09	609104	14.34	30544	7.17	123972	8.7	120104	26.54	410516
1000777	8.87	608684	13.89	25556	5.79	111656	5.71	108484	22.48	408712
1000113	9.1	606564	15.23	22728	7.05	114024	6.85	110396	24.38	402528
1000471	6.61	608480	13.84	26304	4.08	93792	4.03	91568	13.54	408556
1000840	7.5	607048	13.31	22560	4.89	91744	4.75	89896	18.77	403308
1000978	8.92	606000	12.49	18776	5.27	91380	5.16	89764	20.25	400340
1000717	9.81	608372	16.09	27284	8.99	112300	6.5	108876	27.63	408420
1000134	9.03	609104	14.17	28944	8.18	130164	8.01	125652	25.95	410604
1000865	10.02	606616	12.57	18704	7.38	111788	7.27	107872	28.66	402424
1000492	9.07	608376	13.86	27380	6.62	118048	8.66	114620	23.41	407820
1000584	8.88	609044	16.17	26812	5.5	116584	5.36	113036	17.26	410604
1000397	8.57	608940	14.03	27008	5.99	111272	5.79	107864	22.57	408456
1000810	10.78	606912	13.2	23588	6.57	108912	8.75	105456	25.63	402848
1000026	12.45	609040	14.14	27600	14.28	165612	13.71	159972	40.75	410024
1000753	10.67	606640	13.96	18656	9.04	106084	6.56	102452	24.06	402044
1000148	11.09	609032	14.15	28052	7.71	122096	7.62	118336	27.77	409508
1000084	9.06	608080	13.97	28044	5.17	104500	4.98	102312	18	406204
1000901	10.12	609136	14.17	26336	7.93	112824	5.89	109436	24.05	409620
1000250	11.42	607048	13.08	22660	7.57	114732	7.53	111408	28.94	404308
1000841	10.41	607992	14.55	25588	6.97	120960	6.81	117016	29.62	406520
1000540	6.57	608376	13.79	24700	7.76	106764	5.51	103488	15.91	408236
1000212	10.55	607128	13.33	23336	6.86	110844	6.59	107508	26.51	403376
1000064	9.57	606096	12.78	20624	7.02	103148	6.89	99676	24.88	400860
1000973	7.67	608296	15.9	26296	9.08	110716	6.66	107268	22.23	408000
1000300	11.88	607200	13.03	23404	8.19	125452	7.94	121200	29.72	404052
1000371	9.61	606792	13.06	24500	6.83	109420	6.87	105468	28.17	402124
1000076	8.33	608300	14.05	27116	5.99	116748	8.16	113136	21.64	408656
1000969	11.24	609028	16.13	28024	8.24	136032	8.19	131428	33.86	410112
1000048	5.89	607008	13.23	22556	2.53	69480	2.52	67908	7.14	401304
1000330	12.5	607396	13.12	22692	9.01	121176	7.86	117312	27.98	405044
1000245	10.28	609024	13.99	27788	6.86	114728	6.66	111440	27.85	408896
1000721	9.24	608468	15.94	26284	6.18	119608	6.06	115844	23.28	408680
1000843	7.67	608736	13.71	25712	3.73	87736	4.96	86096	15.33	409236
1000381	10.26	608888	14.32	27984	8.04	136608	8.03	131404	31.55	409276
1000120	12.91	608020	13.47	23224	8.83	124012	8.78	120260	33.53	406208
1000565	10.35	609268	16.48	27832	6.53	125872	6.52	122004	23.42	411416
1000889	8.24	606932	13.2	23564	6.42	114716	6.18	110704	26.38	403548
1000012	9.47	606656	13.12	24204	9.42	111184	7	107648	25.49	402004
1000991	7.24	608824	14.15	27676	4.2	97632	4.08	94996	15.66	409204
1000699	9.59	608592	16	25384	4.76	96696	4.72	94104	18.29	409064
1000782	9.58	608996	13.92	27548	7.3	122720	7.08	119096	26.53	408964
1000534	8.81	607208	13.45	24472	11.49	131716	11.32	126784	24.79	403636
1000697	8.15	608864	14.09	26736	5.86	113716	5.69	110428	19.36	409404
1000654	9.14	608468	15.74	25220	8.95	117240	6.45	113444	23.82	408480
1000879	5.36	607200	13.36	22896	2.98	77904	2.93	75744	8.98	402184
1000337	9.53	608324	13.67	24328	7.13	123896	7.03	120052	26.22	407436
1000189	9.53	606528	12.51	18760	5.86	100880	5.78	98080	23.48	401948
1000515	13.76	607480	13.16	23760	11.27	141376	11.03	136436	36.86	405300
1000222	8.08	608776	15.73	27056	5.4	104576	5.33	102980	20.24	410036
1000625	10.59	606648	13.09	22420	7.79	114116	10.02	110224	28.03	402800
1000090	8.95	608528	13.69	25664	6.15	108464	5.99	105860	23.09	408588
1000132	9.85	608468	13.78	25220	13.88	156316	11.92	151224	30.54	408832
1000167	9.45	608712	15.89	25832	7.15	124396	6.91	120400	26.35	408060
1000958	9.89	607484	13.08	23752	6.73	112144	6.51	108812	23.66	404700
1000248	9.7	608480	13.77	26132	8.29	109080	5.7	106252	24.06	408396
1000481	5.08	604444	11.18	14304	2.65	54524	2.6	53424	6.12	393380
1000946	8.92	608832	16.12	26248	5.41	113300	5.24	110008	18.86	409056
1000951	5.43	607020	13.05	21628	3.03	75112	3.05	73324	11.45	401744
1000129	9.14	608728	13.94	26916	6.05	115704	8.31	112304	22.51	409192
1000775	7.25	608388	13.6	25408	4.71	93156	4.62	90692	15.98	407180
1000384	6.81	607116	15.41	24156	4.31	86960	4.26	84428	17.28	403136
1000299	8.71	608868	14.11	27052	8.28	115788	5.77	112644	21.81	409188
