sample	method	sites	sites_snp	errors	errors_snp	missing	missing_snp	success %	success % snp	haplotypes	haplotypes_single	haplotypes_size_med
HG002-chr1	HapCUT2	188076	156078	2631	1784	7579	5249	94.6	96.3	702	66	88258.0
HG002-chr2	HapCUT2	182342	151264	2218	1339	5136	3012	96.0	97.6	789	93	81089
HG002-chr3	HapCUT2	169821	142347	1844	1257	6646	4907	95.0	96.4	577	61	98782
HG002-chr4	HapCUT2	170058	142520	1826	1177	5475	3594	95.7	97.2	555	54	94010
HG002-chr5	HapCUT2	154435	129000	1774	1156	3535	2056	96.6	97.9	461	43	116407
HG002-chr6	HapCUT2	152181	127100	1629	1002	3294	1779	96.8	98.2	499	44	96435
HG002-chr7	HapCUT2	143016	119262	1830	1181	6100	4651	94.5	95.9	469	55	88643
HG002-chr8	HapCUT2	135065	114224	1637	1118	4363	3025	95.6	96.9	422	47	101952.5
HG002-chr9	HapCUT2	110304	93175	1719	1254	5569	4271	93.4	95.0	382	37	78503.5
HG002-chr10	HapCUT2	123727	103455	1589	1021	5159	3736	94.5	96.2	348	30	142907.0
HG002-chr11	HapCUT2	115388	97658	1350	822	10834	9472	89.4	91.1	427	39	93990
HG002-chr12	HapCUT2	121523	101321	1435	875	8390	7064	91.9	93.5	356	33	112723.0
HG002-chr13	HapCUT2	92701	77863	1073	741	5788	4694	92.6	94.1	283	21	93035
HG002-chr14	HapCUT2	77032	63754	1151	774	1400	568	96.7	98.3	255	24	104173
HG002-chr15	HapCUT2	73605	61582	1186	830	5033	3999	91.6	93.4	280	29	79031.5
HG002-chr16	HapCUT2	75729	63565	1021	650	4767	3885	92.4	94.0	232	16	100907.5
HG002-chr17	HapCUT2	68062	55471	1146	723	2240	1361	95.0	96.9	251	18	105062
HG002-chr18	HapCUT2	71877	61110	830	570	9483	8689	85.7	87.1	250	26	65937.0
HG002-chr19	HapCUT2	59742	48141	929	607	873	223	97.0	98.6	132	15	156210.0
HG002-chr20	HapCUT2	58058	49040	1147	848	3149	2586	92.6	94.1	207	22	99719
HG002-chr21	HapCUT2	35972	30172	1253	1005	1775	1340	91.6	93.5	122	4	112882.0
HG002-chr22	HapCUT2	36138	30244	1270	1011	884	487	94.0	95.9	115	10	87727
HG005-chr1	HapCUT2	165240	136209	2224	1464	3661	1441	96.4	98.2	1139	144	47647
HG005-chr2	HapCUT2	174178	144565	2167	1386	3449	1381	96.8	98.4	1175	176	47452
HG005-chr3	HapCUT2	152371	127149	1706	1102	2847	1035	97.0	98.6	939	132	43207
HG005-chr4	HapCUT2	159609	133318	1585	988	2734	981	97.3	98.8	820	118	50012.5
HG005-chr5	HapCUT2	132699	110234	1479	958	2509	1093	97.0	98.5	866	113	43986.5
HG005-chr6	HapCUT2	140978	117153	1383	825	2470	943	97.3	98.7	779	119	47507
HG005-chr7	HapCUT2	130739	108974	1710	1102	2242	873	97.0	98.5	693	101	56334
HG005-chr8	HapCUT2	113107	95170	1199	793	2105	911	97.1	98.5	700	105	46311.5
HG005-chr9	HapCUT2	92589	77544	1903	1395	2037	930	95.7	97.5	593	77	43063
HG005-chr10	HapCUT2	109542	90880	1470	948	2097	778	96.7	98.4	594	71	60651.5
HG005-chr11	HapCUT2	97965	81892	1042	615	1940	722	97.0	98.6	699	100	38977
HG005-chr12	HapCUT2	103856	85611	1099	665	2063	752	97.0	98.6	626	83	50605.0
HG005-chr13	HapCUT2	74367	61708	879	565	1995	991	96.1	97.9	504	70	44362.0
HG005-chr14	HapCUT2	72757	60125	1029	724	1341	501	96.7	98.3	426	62	46568.5
HG005-chr15	HapCUT2	62845	52338	1242	907	1421	633	95.8	97.5	428	46	49261.5
HG005-chr16	HapCUT2	70351	58533	910	580	1223	417	97.0	98.6	360	32	64877.5
HG005-chr17	HapCUT2	58966	47692	1111	733	1376	518	95.8	97.9	433	52	43904
HG005-chr18	HapCUT2	61958	51772	674	411	1259	535	96.9	98.5	368	48	53087.0
HG005-chr19	HapCUT2	52860	42412	899	577	839	256	96.7	98.4	220	20	98100.5
HG005-chr20	HapCUT2	51208	42693	1107	885	950	351	96.0	97.6	305	32	58380
HG005-chr21	HapCUT2	31928	26662	1422	1167	655	265	93.5	95.5	205	23	64372
HG005-chr22	HapCUT2	32775	27390	1144	905	560	221	94.8	96.6	186	18	48346.5
sample	method	sites	sites_snp	errors	errors_snp	missing	missing_snp	success %	success % snp	haplotypes	haplotypes_single	haplotypes_size_med
HG002-chr1	TinkerHap	188076	156078	4025	3157	944	650	97.4	98.0	656	61	92872.0
HG002-chr2	TinkerHap	182342	151264	2726	1877	957	654	98.0	98.6	727	72	84696
HG002-chr3	TinkerHap	169821	142347	3296	2650	719	498	97.6	98.1	545	57	110933
HG002-chr4	TinkerHap	170058	142520	2480	1837	711	505	98.1	98.6	532	46	97958.0
HG002-chr5	TinkerHap	154435	129000	2033	1414	646	463	98.3	98.8	437	39	114886
HG002-chr6	TinkerHap	152181	127100	1801	1193	636	443	98.4	98.9	471	46	100044
HG002-chr7	TinkerHap	143016	119262	3029	2381	636	446	97.4	98.0	459	53	80122
HG002-chr8	TinkerHap	135065	114224	2284	1788	555	411	97.9	98.4	404	36	115357.0
HG002-chr9	TinkerHap	110304	93175	3110	2545	585	425	96.7	97.3	380	35	83928.0
HG002-chr10	TinkerHap	123727	103455	2358	1793	518	335	97.7	98.3	343	31	146801
HG002-chr11	TinkerHap	115388	97658	5014	4477	503	348	95.2	95.8	374	33	114232.0
HG002-chr12	TinkerHap	121523	101321	3636	3039	449	306	96.6	97.2	325	34	122462
HG002-chr13	TinkerHap	92701	77863	2592	2252	387	265	96.8	97.3	266	21	98376.0
HG002-chr14	TinkerHap	77032	63754	1105	729	325	230	98.1	98.8	246	20	118073.0
HG002-chr15	TinkerHap	73605	61582	2074	1636	407	263	96.6	97.4	274	33	86227.0
HG002-chr16	TinkerHap	75729	63565	2197	1797	316	222	96.7	97.3	227	14	108632
HG002-chr17	TinkerHap	68062	55471	1447	996	356	226	97.4	98.2	249	21	105062
HG002-chr18	TinkerHap	71877	61110	3550	3255	345	263	94.6	95.1	246	25	78775.0
HG002-chr19	TinkerHap	59742	48141	1007	633	193	124	98.0	98.7	117	14	154022
HG002-chr20	TinkerHap	58058	49040	1788	1512	297	224	96.4	97.0	213	20	90708
HG002-chr21	TinkerHap	35972	30172	1543	1285	172	115	95.2	96.1	121	4	127652
HG002-chr22	TinkerHap	36138	30244	1353	1084	167	118	95.8	96.7	115	9	92853
HG005-chr1	TinkerHap	165240	136209	2370	1431	1392	957	97.7	98.6	1077	126	53579
HG005-chr2	TinkerHap	174178	144565	2214	1364	1439	1035	97.9	98.6	1123	153	49579
HG005-chr3	TinkerHap	152371	127149	1719	1030	1178	809	98.1	98.8	905	111	48337
HG005-chr4	TinkerHap	159609	133318	1567	911	1019	724	98.4	99.0	772	103	57448.5
HG005-chr5	TinkerHap	132699	110234	1534	934	1074	748	98.0	98.7	845	106	48458
HG005-chr6	TinkerHap	140978	117153	1331	726	962	660	98.4	99.0	740	107	49464.5
HG005-chr7	TinkerHap	130739	108974	1779	1099	853	618	98.0	98.7	653	96	60676
HG005-chr8	TinkerHap	113107	95170	1317	851	837	593	98.1	98.7	661	83	47906
HG005-chr9	TinkerHap	92589	77544	2059	1493	740	515	97.0	97.8	548	64	46981.5
HG005-chr10	TinkerHap	109542	90880	1503	944	765	540	97.9	98.6	576	69	65239.5
HG005-chr11	TinkerHap	97965	81892	1053	595	815	559	98.1	98.8	663	78	48463
HG005-chr12	TinkerHap	103856	85611	1137	631	755	515	98.2	98.9	592	69	58771.0
HG005-chr13	TinkerHap	74367	61708	939	593	632	447	97.9	98.6	478	63	48241.5
HG005-chr14	TinkerHap	72757	60125	1088	755	513	352	97.8	98.5	401	58	50070
HG005-chr15	TinkerHap	62845	52338	1399	952	512	350	97.0	97.9	397	44	50508
HG005-chr16	TinkerHap	70351	58533	999	627	423	277	98.0	98.7	331	32	72995
HG005-chr17	TinkerHap	58966	47692	1141	708	536	353	97.2	98.2	425	49	43426
HG005-chr18	TinkerHap	61958	51772	671	417	437	313	98.2	98.8	353	42	55684
HG005-chr19	TinkerHap	52860	42412	952	565	251	161	97.7	98.6	193	18	90789
HG005-chr20	TinkerHap	51208	42693	1302	1015	390	256	96.7	97.5	292	33	63362.0
HG005-chr21	TinkerHap	31928	26662	1483	1231	234	161	94.6	95.6	195	20	67764
HG005-chr22	TinkerHap	32775	27390	1134	882	225	149	95.9	96.9	176	14	49848.0
sample	method	sites	sites_snp	errors	errors_snp	missing	missing_snp	success %	success % snp	haplotypes	haplotypes_single	haplotypes_size_med
HG002-chr1	WhatsHap	188076	156078	2610	1575	7415	5160	94.7	96.4	697	63	90989
HG002-chr2	WhatsHap	182342	151264	2143	1138	4952	2912	96.1	97.8	786	88	83749.5
HG002-chr3	WhatsHap	169821	142347	1854	1090	6523	4859	95.1	96.5	575	59	101006
HG002-chr4	WhatsHap	170058	142520	1823	1007	5302	3489	95.8	97.4	555	53	94626
HG002-chr5	WhatsHap	154435	129000	1743	1011	3371	1968	96.7	98.1	462	42	116689.5
HG002-chr6	WhatsHap	152181	127100	1569	837	3107	1670	96.9	98.4	495	43	96654
HG002-chr7	WhatsHap	143016	119262	1660	951	5965	4555	94.7	96.2	468	55	88667.0
HG002-chr8	WhatsHap	135065	114224	1511	952	4240	2965	95.7	97.1	419	47	101785
HG002-chr9	WhatsHap	110304	93175	1609	1073	5512	4249	93.5	95.2	384	37	77200.5
HG002-chr10	WhatsHap	123727	103455	1494	853	5009	3651	94.7	96.4	346	30	142907.0
HG002-chr11	WhatsHap	115388	97658	1271	693	10684	9385	89.6	91.3	423	40	97010
HG002-chr12	WhatsHap	121523	101321	1413	737	8238	6979	92.1	93.7	356	33	108962.5
HG002-chr13	WhatsHap	92701	77863	1043	635	5628	4595	92.8	94.4	281	20	93035
HG002-chr14	WhatsHap	77032	63754	1127	631	1333	528	96.8	98.5	254	24	105235.0
HG002-chr15	WhatsHap	73605	61582	1167	750	4997	3973	91.6	93.6	282	31	69738.0
HG002-chr16	WhatsHap	75729	63565	1000	582	4679	3847	92.5	94.2	232	18	100907.5
HG002-chr17	WhatsHap	68062	55471	1124	645	2172	1322	95.2	97.1	253	19	105620
HG002-chr18	WhatsHap	71877	61110	854	505	9407	8638	85.7	87.3	251	28	66867
HG002-chr19	WhatsHap	59742	48141	985	572	799	184	97.0	98.7	132	15	158418.0
HG002-chr20	WhatsHap	58058	49040	1089	759	3037	2519	92.9	94.4	209	21	98847
HG002-chr21	WhatsHap	35972	30172	1254	991	1730	1315	91.7	93.6	122	4	112882.0
HG002-chr22	WhatsHap	36138	30244	1199	925	841	471	94.4	96.1	115	10	87727
HG005-chr1	WhatsHap	165240	136209	2129	1262	3609	1405	96.5	98.4	1138	145	48048.0
HG005-chr2	WhatsHap	174178	144565	2153	1246	3368	1334	96.8	98.5	1179	176	47090
HG005-chr3	WhatsHap	152371	127149	1664	963	2836	1035	97.0	98.7	936	131	44587.5
HG005-chr4	WhatsHap	159609	133318	1531	848	2661	952	97.4	98.9	816	115	52914.5
HG005-chr5	WhatsHap	132699	110234	1504	900	2495	1080	97.0	98.5	860	109	44416.0
HG005-chr6	WhatsHap	140978	117153	1358	712	2399	885	97.3	98.9	773	119	47507
HG005-chr7	WhatsHap	130739	108974	1606	939	2201	842	97.1	98.6	691	101	57793
HG005-chr8	WhatsHap	113107	95170	1177	682	2064	891	97.1	98.6	701	105	47133
HG005-chr9	WhatsHap	92589	77544	1854	1326	2051	951	95.8	97.5	594	77	43068.5
HG005-chr10	WhatsHap	109542	90880	1424	840	2014	735	96.9	98.6	592	71	60998.0
HG005-chr11	WhatsHap	97965	81892	1054	574	1883	701	97.0	98.7	696	99	39819.0
HG005-chr12	WhatsHap	103856	85611	1137	610	2040	739	96.9	98.7	622	80	52631.0
HG005-chr13	WhatsHap	74367	61708	844	499	1918	950	96.3	98.1	504	73	43612.0
HG005-chr14	WhatsHap	72757	60125	985	634	1343	491	96.8	98.5	422	60	47525.5
HG005-chr15	WhatsHap	62845	52338	1228	828	1437	644	95.8	97.7	431	48	48527
HG005-chr16	WhatsHap	70351	58533	966	566	1202	411	96.9	98.6	360	33	65429.0
HG005-chr17	WhatsHap	58966	47692	1140	694	1360	516	95.8	97.9	433	50	43904
HG005-chr18	WhatsHap	61958	51772	715	399	1196	496	96.9	98.6	368	48	50533.5
HG005-chr19	WhatsHap	52860	42412	868	511	819	250	96.8	98.6	215	20	104969
HG005-chr20	WhatsHap	51208	42693	1044	776	950	364	96.1	97.8	305	32	57961
HG005-chr21	WhatsHap	31928	26662	1380	1110	665	286	93.6	95.6	204	21	64335.0
HG005-chr22	WhatsHap	32775	27390	1075	863	604	271	94.9	96.5	186	18	46722.0
